>>>>  amr-file-hpctoolkit/pipe-5-00128/hpctoolkit-mpicth-database-718964/experiment.csv 
Function  , sum  , mean  , min  , max  
MPI_Barrier , 4.16214433E10 , 1.0489275025201613E7 , 11897.0 , 1.11176E8
MPI_Barrier , 8.82748E8 , 6896468.75 , 4864360.0 , 7678080.0
MPI_Bcast , 4.18666E7 , 327082.8125 , 273546.0 , 358020.0
MPI_Bcast , 2.82616E8 , 2207937.5 , 119766.0 , 1.17017E7
MPI_Bcast , 1.7347315E8 , 104250.69110576923 , 21974.0 , 1331600.0
MPI_Finalize , 4.6511E7 , 363367.1875 , 11963.0 , 704490.0
MPI_Recv , 7.28620624E9 , 1626385.3214285714 , 11800.0 , 1.24178E8
MPI_Send , 4.52105849E10 , 9811324.848090278 , 11947.0 , 1.42675E8
MPI_Type_commit , 1.4638088E8 , 71475.0390625 , 11930.0 , 358889.0
MPI_Type_commit , 1.297927E7 , 50700.2734375 , 11942.0 , 167422.0
amrini_ , 3.69032E10 , 2.8830625E8 , 2.88285E8 , 2.88337E8
cth , 5.338E11 , 4.1703125E9 , 4.16871E9 , 4.17215E9
initvtkCoProcessorPython , 5955400.0 , 46526.5625 , 2771960.0 , 3183440.0
pvspy_fil , 7.19987E9 , 5.6248984375E7 , 5.46031E7 , 5.9814E7
pvspy_stb , 2.18538E7 , 170732.8125 , 34930.0 , 538432.0
spy_file_out , 1.45234E9 , 1.134640625E7 , 9898440.0 , 1.18414E7
<<<< 
>>>>  amr-file-hpctoolkit/pipe-5-00128/hpctoolkit-mpicth-database-719248/experiment.csv 
Function  , sum  , mean  , min  , max  
MPI_Barrier , 4.116873767E10 , 1.0050961345214844E7 , 11927.0 , 1.06623E8
MPI_Barrier , 3.0446E9 , 2.37859375E7 , 1.3147E7 , 2.45978E7
MPI_Bcast , 1.2302655E8 , 240286.23046875 , 34613.0 , 587951.0
MPI_Bcast , 1.55088E7 , 121162.5 , 8853.0 , 511483.0
MPI_Bcast , 7645210.0 , 59728.203125 , 45321.0 , 86811.0
MPI_Finalize , 4.61183E7 , 360299.21875 , 11971.0 , 698769.0
MPI_Recv , 6.91550496E9 , 1589040.6617647058 , 11874.0 , 1.24826E8
MPI_Send , 4.531853335E10 , 9834751.161024306 , 11949.0 , 1.39627E8
MPI_Type_commit , 1.4415497E8 , 70388.1689453125 , 11919.0 , 370737.0
MPI_Type_commit , 1.201251E7 , 46923.8671875 , 11927.0 , 131540.0
amrini_ , 3.68962E10 , 2.882515625E8 , 2.88224E8 , 2.88276E8
cth , 5.27505E11 , 4.1211328125E9 , 4.11959E9 , 4.12281E9
pvspy_fil , 6.19919E8 , 4843117.1875 , 4684110.0 , 4882530.0
pvspy_stb , 3.17231E7 , 247836.71875 , 82845.0 , 554776.0
spy_file_out , 3.53866E9 , 2.764578125E7 , 1.73572E7 , 2.83266E7
<<<< 
>>>>  amr-file-hpctoolkit/pipe-5-00128/extracted_timings-e718964.csv 
%  amr-file-hpctoolkit/pipe-5-00128   amr-file-hpctoolkit/pipe-5-00128/extracted_timings-e718964.csv 
%
% Summary Statistics:
% operation,  mean,  min,  max, std
% -------------------------------------------------------------------
% CTH_TIMINGS       ,  75.16243086 ,  71.05758 ,  81.189392 ,  3.04100423328744 
% PVSPY_VIZ_TIMINGS ,  6.29e-05 ,  5.1e-05 ,  0.000281 ,  3.15589826793435e-05 
% -------------------------------------------------------------------
"cycle","cth","viz"
10,71.095633,6.3e-05
20,71.108499,6.3e-05
30,71.195624,6.1e-05
40,71.05758,6.3e-05
50,71.396878,5.7e-05
60,71.223522,6.2e-05
70,73.780576,5.8e-05
80,72.072752,5.7e-05
90,71.145854,5.7e-05
100,71.596549,5.8e-05
110,71.384306,5.1e-05
120,71.538156,5.7e-05
130,71.401864,5.8e-05
140,71.626414,5.8e-05
150,71.816975,5.7e-05
160,72.451277,5.7e-05
170,73.213864,5.7e-05
180,72.620764,5.7e-05
190,72.776699,6e-05
200,73.780574,5.6e-05
210,75.152733,5.8e-05
220,74.817402,0.000281
230,74.674918,5.9e-05
240,75.044536,5.9e-05
250,75.67911,5.8e-05
260,76.374516,5.5e-05
270,77.045355,5.9e-05
280,76.245564,5.5e-05
290,76.549154,6e-05
300,78.492779,5.9e-05
310,77.006928,6.2e-05
320,77.521636,5.9e-05
330,78.706678,6e-05
340,77.520977,5.7e-05
350,77.073446,6e-05
360,77.732284,5.8e-05
370,76.984705,5.9e-05
380,76.373974,5.8e-05
390,76.100775,5.5e-05
400,76.572162,6.2e-05
410,76.595306,5.7e-05
420,76.841761,6.1e-05
430,77.02198,5.7e-05
440,77.768236,5.7e-05
450,78.330108,5.9e-05
460,78.803346,5.6e-05
470,79.801003,5.9e-05
480,80.899823,5.8e-05
490,80.916596,6e-05
500,81.189392,6.1e-05
<<<< 
>>>>  amr-file-hpctoolkit/pipe-5-00128/extracted_timings-e719248.csv 
%  amr-file-hpctoolkit/pipe-5-00128   amr-file-hpctoolkit/pipe-5-00128/extracted_timings-e719248.csv 
%
% Summary Statistics:
% operation,  mean,  min,  max, std
% -------------------------------------------------------------------
% CTH_TIMINGS       ,  74.9590809 ,  70.842067 ,  81.182751 ,  3.04441065509086 
% PVSPY_VIZ_TIMINGS ,  7.046e-05 ,  6.1e-05 ,  0.000235 ,  2.38868164475721e-05 
% -------------------------------------------------------------------
"cycle","cth","viz"
10,70.937992,6.9e-05
20,70.842067,7e-05
30,71.014586,6.4e-05
40,71.67986,7.1e-05
50,71.029759,7.1e-05
60,71.211568,7.3e-05
70,73.115688,6.7e-05
80,72.081114,6.8e-05
90,71.153464,6.6e-05
100,71.238255,6.7e-05
110,71.215454,6.1e-05
120,71.340328,6.2e-05
130,71.166709,7e-05
140,71.399512,6.9e-05
150,71.637094,6.5e-05
160,72.287423,6.1e-05
170,72.114589,7e-05
180,72.683209,6.6e-05
190,72.612818,6.8e-05
200,74.376358,6.7e-05
210,74.346342,6.8e-05
220,74.528589,6.3e-05
230,74.353531,7e-05
240,74.71317,6.4e-05
250,75.307952,6.7e-05
260,76.176482,6.7e-05
270,77.46563,6.9e-05
280,75.916374,6.3e-05
290,76.152635,6.8e-05
300,78.056858,6.9e-05
310,76.613456,6.7e-05
320,77.129987,6.5e-05
330,77.406159,6.3e-05
340,77.294068,6.9e-05
350,76.833498,6.7e-05
360,77.606972,6.7e-05
370,76.93298,6.7e-05
380,76.267499,6.8e-05
390,75.987255,0.000235
400,76.478771,6.8e-05
410,76.548454,6.8e-05
420,76.699794,6.8e-05
430,76.321691,6.6e-05
440,77.722603,6.6e-05
450,78.25146,6.7e-05
460,78.660047,6.8e-05
470,80.355317,7.1e-05
480,80.75507,6.6e-05
490,80.750803,6.9e-05
500,81.182751,6.5e-05
<<<< 
>>>>  amr-file-hpctoolkit/pipe-5-00256/hpctoolkit-mpicth-database-718959/experiment.csv 
Function  , sum  , mean  , min  , max  
MPI_Barrier , 9.008690243E10 , 9775054.517144097 , 10389.0 , 1.08368E8
MPI_Barrier , 4.16059E9 , 1.62523046875E7 , 660916.0 , 2.13047E7
MPI_Bcast , 2.7982983E8 , 109308.52734375 , 11010.0 , 765330.0
MPI_Bcast , 9.60657E8 , 3752566.40625 , 47856.0 , 1.08189E7
MPI_Bcast , 2.3689144E8 , 51408.73263888889 , 22238.0 , 332001.0
MPI_Finalize , 9.39984E7 , 367181.25 , 10406.0 , 701439.0
MPI_Recv , 1.175236983E10 , 976759.4606050532 , 10810.0 , 3.99117E7
MPI_Send , 5.784222627E10 , 5793492.214543269 , 10537.0 , 5.59406E7
MPI_Type_commit , 2.5659854E8 , 43579.915081521736 , 11882.0 , 250946.0
MPI_Type_commit , 2.890702E7 , 37639.348958333336 , 11921.0 , 131557.0
MPI_Type_struct , 8091080.0 , 31605.78125 , 11921.0 , 95637.0
amrini_ , 4.60727E10 , 1.79971484375E8 , 1.79937E8 , 1.79997E8
cth , 6.22629E11 , 2.43214453125E9 , 2.43139E9 , 2.43302E9
initvtkCoProcessorPython , 9163320.0 , 35794.21875 , 2183910.0 , 3555430.0
pvspy_fil , 1.54719E10 , 6.0437109375E7 , 5.9591E7 , 6.34659E7
pvspy_stb , 2.50083E7 , 97688.671875 , 11972.0 , 293935.0
spy_file_out , 4.74897E9 , 1.85506640625E7 , 4813820.0 , 2.31874E7
<<<< 
>>>>  amr-file-hpctoolkit/pipe-5-00256/extracted_timings-e718959.csv 
%  amr-file-hpctoolkit/pipe-5-00256   amr-file-hpctoolkit/pipe-5-00256/extracted_timings-e718959.csv 
%
% Summary Statistics:
% operation,  mean,  min,  max, std
% -------------------------------------------------------------------
% CTH_TIMINGS       ,  42.6154886 ,  37.198613 ,  48.694323 ,  3.8085493324417 
% PVSPY_VIZ_TIMINGS ,  5.264e-05 ,  4.9e-05 ,  5.9e-05 ,  2.15482372971026e-06 
% -------------------------------------------------------------------
"cycle","cth","viz"
10,40.162223,5.3e-05
20,37.198613,5.4e-05
30,37.885499,5.3e-05
40,37.553856,5.5e-05
50,38.196604,5.3e-05
60,37.318744,5.4e-05
70,39.597866,5.9e-05
80,38.206122,5.7e-05
90,37.478254,5e-05
100,37.680075,5.4e-05
110,37.734461,5.3e-05
120,37.830829,5.2e-05
130,37.687272,5.1e-05
140,37.90581,5.4e-05
150,38.173691,5.1e-05
160,38.75791,5.1e-05
170,38.657698,5.2e-05
180,39.131071,5.3e-05
190,39.898661,5.2e-05
200,42.822768,5.4e-05
210,44.693078,5e-05
220,44.181294,5.1e-05
230,43.81055,5.5e-05
240,45.067979,5.3e-05
250,45.785893,5.5e-05
260,44.93849,5.1e-05
270,46.10395,5.1e-05
280,44.083418,5.3e-05
290,44.249159,4.9e-05
300,45.266745,5.1e-05
310,43.806422,5.6e-05
320,44.258573,5.1e-05
330,44.524902,5.4e-05
340,43.637164,5.4e-05
350,43.423842,5.2e-05
360,43.809885,5e-05
370,44.018406,5.5e-05
380,43.504923,5e-05
390,42.433072,5.5e-05
400,42.740711,5.2e-05
410,44.086696,5e-05
420,47.753636,4.9e-05
430,47.357202,5.5e-05
440,47.983761,5.3e-05
450,47.65079,5.2e-05
460,47.636755,5.3e-05
470,48.248262,4.9e-05
480,48.694323,5e-05
490,48.520449,5.4e-05
500,48.626073,5.4e-05
<<<< 
>>>>  amr-file-hpctoolkit/pipe-5-00256/hpctoolkit-mpicth-database-719249/experiment.csv 
Function  , sum  , mean  , min  , max  
MPI_Allgather , 6568360.0 , 25657.65625 , 8824.0 , 83059.0
MPI_Barrier , 8.770499762E10 , 9788504.198660715 , 11539.0 , 1.0827E8
MPI_Barrier , 1.65723E9 , 6473554.6875 , 1118440.0 , 1.12762E7
MPI_Bcast , 1.6143018E8 , 126117.328125 , 10102.0 , 505877.0
MPI_Bcast , 9.47006E7 , 369924.21875 , 9719.0 , 2170780.0
MPI_Bcast , 1.57826E7 , 61650.78125 , 33910.0 , 203410.0
MPI_Finalize , 9.40034E7 , 367200.78125 , 10287.0 , 706899.0
MPI_Isend , 6739940.0 , 26327.890625 , 11930.0 , 107528.0
MPI_Recv , 1.133487965E10 , 983930.5251736111 , 9739.0 , 3.99493E7
MPI_Send , 5.784266983E10 , 5793536.641626603 , 10663.0 , 5.3218E7
MPI_Type_commit , 2.9758358E8 , 40083.99515086207 , 10069.0 , 239294.0
MPI_Type_commit , 2.875056E7 , 37435.625 , 11917.0 , 119933.0
MPI_Type_struct , 7850050.0 , 30664.2578125 , 11930.0 , 119430.0
amrini_ , 4.59123E10 , 1.79344921875E8 , 1.79326E8 , 1.79367E8
cth , 6.03983E11 , 2.35930859375E9 , 2.35845E9 , 2.36052E9
pvspy_fil , 2.43719E9 , 9520273.4375 , 9212580.0 , 9738290.0
pvspy_stb , 2.63768E7 , 103034.375 , 23437.0 , 307524.0
spy_file_out , 2.19618E9 , 8578828.125 , 3575390.0 , 1.31561E7
<<<< 
>>>>  amr-file-hpctoolkit/pipe-5-00256/extracted_timings-e719249.csv 
%  amr-file-hpctoolkit/pipe-5-00256   amr-file-hpctoolkit/pipe-5-00256/extracted_timings-e719249.csv 
%
% Summary Statistics:
% operation,  mean,  min,  max, std
% -------------------------------------------------------------------
% CTH_TIMINGS       ,  42.4745373 ,  37.266874 ,  48.775119 ,  3.87348519222092 
% PVSPY_VIZ_TIMINGS ,  8.028e-05 ,  6.9e-05 ,  0.000372 ,  4.22089264183271e-05 
% -------------------------------------------------------------------
"cycle","cth","viz"
10,37.505872,7.9e-05
20,37.280178,7.5e-05
30,37.333836,7.3e-05
40,37.266874,8.4e-05
50,37.678013,7.6e-05
60,37.397115,8e-05
70,39.689814,7.1e-05
80,37.940559,0.000372
90,37.519575,7.1e-05
100,37.716053,7.2e-05
110,37.83131,7e-05
120,37.804657,7.5e-05
130,38.822317,7.4e-05
140,37.901851,7.3e-05
150,38.164645,7.4e-05
160,38.730517,6.9e-05
170,38.658884,7.2e-05
180,39.140199,7.4e-05
190,39.448105,7.6e-05
200,42.619708,7.3e-05
210,44.452358,7.6e-05
220,43.963473,7.2e-05
230,43.661245,7.5e-05
240,44.008744,6.9e-05
250,44.431909,7e-05
260,44.824763,7.7e-05
270,44.905176,7.8e-05
280,44.036699,7e-05
290,44.207568,7.5e-05
300,45.239775,7.4e-05
310,43.76292,7.4e-05
320,44.194082,7.7e-05
330,44.524217,7.5e-05
340,43.742603,7.2e-05
350,43.525199,7.9e-05
360,43.865243,7.1e-05
370,43.177995,7.9e-05
380,42.706093,7.5e-05
390,42.551025,7.6e-05
400,42.784439,7.4e-05
410,44.213085,7.6e-05
420,48.668299,7.2e-05
430,47.320428,7.8e-05
440,48.223002,7.1e-05
450,47.908768,7.2e-05
460,47.743058,7.8e-05
470,48.417471,7.4e-05
480,48.775119,7.5e-05
490,48.676186,7.4e-05
500,48.765841,7.3e-05
<<<< 
>>>>  amr-file-hpctoolkit/pipe-5-00512/hpctoolkit-mpicth-database-719250/experiment.csv 
Function  , sum  , mean  , min  , max  
MPI_Allgather , 2.509709E7 , 24508.876953125 , 10117.0 , 107373.0
MPI_Barrier , 1.090133257E11 , 5459401.327123397 , 9859.0 , 6.90522E7
MPI_Barrier , 3.00253E9 , 5864316.40625 , 4453310.0 , 7225540.0
MPI_Bcast , 7.3031095E8 , 129671.68856534091 , 8115.0 , 929194.0
MPI_Bcast , 1.2224E9 , 2387500.0 , 8990.0 , 6056820.0
MPI_Bcast , 3.312303E7 , 32346.708984375 , 10039.0 , 191795.0
MPI_Finalize , 1.91538E8 , 374097.65625 , 10379.0 , 710844.0
MPI_Isend , 1.860075E7 , 18164.794921875 , 11913.0 , 107294.0
MPI_Recv , 1.247252352E10 , 507508.28125 , 9016.0 , 3.07274E7
MPI_Reduce_scatter , 1.867017E7 , 18232.587890625 , 9003.0 , 93295.0
MPI_Send , 7.4674162E10 , 3557267.6257621953 , 8368.0 , 3.75668E7
MPI_Type_commit , 4.4372766E8 , 27082.987060546875 , 8413.0 , 226969.0
MPI_Type_commit , 7.006055E7 , 22806.168619791668 , 11890.0 , 143845.0
MPI_Type_struct , 1.3986E7 , 27316.40625 , 11908.0 , 107437.0
amrini_ , 5.83901E10 , 1.140431640625E8 , 1.13998E8 , 1.14061E8
cth , 6.80162E11 , 1.32844140625E9 , 1.32768E9 , 1.32976E9
pvspy_fil , 1.50782E10 , 2.9449609375E7 , 2.93963E7 , 2.98313E7
pvspy_stb , 3.04412E7 , 59455.46875 , 11377.0 , 153808.0
spy_file_out , 3.82231E9 , 7465449.21875 , 6298850.0 , 8656160.0
<<<< 
>>>>  amr-file-hpctoolkit/pipe-5-00512/extracted_timings-e718945.csv 
%  amr-file-hpctoolkit/pipe-5-00512   amr-file-hpctoolkit/pipe-5-00512/extracted_timings-e718945.csv 
%
% Summary Statistics:
% operation,  mean,  min,  max, std
% -------------------------------------------------------------------
% CTH_TIMINGS       ,  23.35662368 ,  20.794168 ,  29.009047 ,  2.41676733066754 
% PVSPY_VIZ_TIMINGS ,  5.864e-05 ,  5.4e-05 ,  6.5e-05 ,  2.49701863045039e-06 
% -------------------------------------------------------------------
"cycle","cth","viz"
10,21.198233,5.8e-05
20,21.244348,5.6e-05
30,20.895502,5.6e-05
40,20.794168,6.1e-05
50,20.927695,6.3e-05
60,21.085966,6.2e-05
70,21.83754,5.6e-05
80,21.161496,6.1e-05
90,20.956473,5.8e-05
100,20.922562,5.8e-05
110,21.109971,5.8e-05
120,21.065229,6e-05
130,21.702405,6e-05
140,20.963254,5.9e-05
150,21.676012,5.8e-05
160,21.620761,5.4e-05
170,22.308199,5.8e-05
180,21.893544,5.8e-05
190,21.877754,6.1e-05
200,22.445204,6e-05
210,22.620614,5.9e-05
220,22.58171,5.8e-05
230,23.093488,5.7e-05
240,23.007811,5.7e-05
250,23.051929,5.7e-05
260,23.092496,5.7e-05
270,23.457623,5.9e-05
280,22.998924,5.6e-05
290,23.117624,6e-05
300,23.939111,6.2e-05
310,23.457276,5.5e-05
320,23.556136,5.4e-05
330,24.514805,5.9e-05
340,23.628847,6.5e-05
350,23.277114,6e-05
360,24.052242,5.9e-05
370,23.690502,6.3e-05
380,23.57048,5.6e-05
390,23.474484,6.2e-05
400,23.585731,5.7e-05
410,23.860954,5.4e-05
420,24.019648,6.1e-05
430,23.821104,6e-05
440,28.023664,5.6e-05
450,28.958938,6.2e-05
460,28.061972,5.8e-05
470,28.709085,5.9e-05
480,28.993674,5.7e-05
490,28.917835,5.7e-05
500,29.009047,6.1e-05
<<<< 
>>>>  amr-file-hpctoolkit/pipe-5-00512/extracted_timings-e719250.csv 
%  amr-file-hpctoolkit/pipe-5-00512   amr-file-hpctoolkit/pipe-5-00512/extracted_timings-e719250.csv 
%
% Summary Statistics:
% operation,  mean,  min,  max, std
% -------------------------------------------------------------------
% CTH_TIMINGS       ,  23.03489808 ,  20.177687 ,  29.136724 ,  2.59799047088832 
% PVSPY_VIZ_TIMINGS ,  6.834e-05 ,  5.7e-05 ,  0.00028 ,  3.06618223029678e-05 
% -------------------------------------------------------------------
"cycle","cth","viz"
10,20.481681,7.1e-05
20,20.177687,6.6e-05
30,20.221033,6.2e-05
40,20.213603,6.7e-05
50,20.226824,6.3e-05
60,20.335219,6.6e-05
70,21.359673,6.3e-05
80,20.973458,6.1e-05
90,20.325615,7e-05
100,20.47506,6.6e-05
110,21.037309,5.9e-05
120,20.513368,6.3e-05
130,20.437523,6.2e-05
140,20.575913,6.1e-05
150,20.834464,6.3e-05
160,21.292479,6.3e-05
170,21.340333,6.7e-05
180,22.145937,6.2e-05
190,21.757934,6.2e-05
200,22.130288,6.5e-05
210,22.229384,6.4e-05
220,22.605198,5.7e-05
230,22.568043,6.7e-05
240,22.779858,6.4e-05
250,22.858232,6.4e-05
260,22.963862,6.5e-05
270,23.269566,6.3e-05
280,22.843224,6.3e-05
290,22.883904,0.00028
300,23.695471,6.5e-05
310,23.089119,6.3e-05
320,23.251074,6.2e-05
330,23.328175,6.3e-05
340,24.368147,6.5e-05
350,23.182483,6.6e-05
360,23.779947,6e-05
370,23.568892,6.2e-05
380,23.362792,6.5e-05
390,23.266753,6.9e-05
400,23.49841,6e-05
410,23.641599,6.6e-05
420,23.829461,6.2e-05
430,23.610331,6.5e-05
440,28.026219,6.4e-05
450,28.190296,6.5e-05
460,28.102565,6.3e-05
470,28.794971,6.8e-05
480,29.136724,6.3e-05
490,29.051871,6.5e-05
500,29.112932,6.7e-05
<<<< 
>>>>  amr-file-hpctoolkit/pipe-5-00512/hpctoolkit-mpicth-database-718945/experiment.csv 
Function  , sum  , mean  , min  , max  
MPI_Allgather , 3.504825E7 , 22817.87109375 , 8870.0 , 130251.0
MPI_Barrier , 1.1475659827E11 , 5747025.153745994 , 8244.0 , 6.93591E7
MPI_Barrier , 4.9911E9 , 9748242.1875 , 8356230.0 , 1.17378E7
MPI_Bcast , 3.7490582E8 , 66567.08451704546 , 8018.0 , 1713100.0
MPI_Bcast , 2.73505E9 , 5341894.53125 , 68733.0 , 1.50092E7
MPI_Bcast , 3.41374E7 , 66674.609375 , 35152.0 , 1754460.0
MPI_Finalize , 1.90266E8 , 371613.28125 , 11838.0 , 707998.0
MPI_Isend , 1.852762E7 , 18093.37890625 , 11216.0 , 119396.0
MPI_Recv , 1.463322839E10 , 529268.966652199 , 9640.0 , 3.08362E7
MPI_Reduce_scatter , 1.49294E7 , 29158.984375 , 8810.0 , 106700.0
MPI_Send , 7.53621449E10 , 3423062.5408793604 , 8516.0 , 3.62903E7
MPI_Type_commit , 4.412419E8 , 26931.268310546875 , 10435.0 , 226891.0
MPI_Type_commit , 6.187145E7 , 24168.53515625 , 11731.0 , 143110.0
MPI_Type_struct , 1.31619E7 , 25706.8359375 , 11904.0 , 119666.0
amrini_ , 5.92801E10 , 1.157814453125E8 , 1.15761E8 , 1.15797E8
cth , 7.0734E11 , 1.3815234375E9 , 1.38072E9 , 1.38295E9
pvspy_fil , 2.88798E10 , 5.6405859375E7 , 5.44416E7 , 6.25017E7
pvspy_stb , 2.5591E7 , 49982.421875 , 10177.0 , 147674.0
spy_file_out , 6.19058E9 , 1.20909765625E7 , 1.09208E7 , 1.3224E7
<<<< 
>>>>  amr-file-hpctoolkit/pipe-5-01024/hpctoolkit-mpicth-database-719251/experiment.csv 
Function  , sum  , mean  , min  , max  
MPI_Allgather , 1.319543E8 , 21476.936848958332 , 8993.0 , 119897.0
MPI_Barrier , 1.478185597E11 , 3798791.1107113487 , 8226.0 , 8.70662E7
MPI_Barrier , 7.23809E9 , 7068447.265625 , 6189300.0 , 8899760.0
MPI_Bcast , 6.4369081E8 , 36976.72392003676 , 8314.0 , 741574.0
MPI_Bcast , 5.96828E9 , 5828398.4375 , 23080.0 , 1.92316E7
MPI_Bcast , 4.834292E8 , 27770.519301470587 , 8320.0 , 799038.0
MPI_Finalize , 3.80028E8 , 371121.09375 , 10342.0 , 711613.0
MPI_Isend , 6.18655E7 , 15103.8818359375 , 11923.0 , 155889.0
MPI_Recv , 1.492342682E10 , 242894.31673177084 , 8126.0 , 1.51182E7
MPI_Reduce_scatter , 1.202008E8 , 23476.71875 , 8150.0 , 154417.0
MPI_Send , 1.000086623E11 , 2382066.0799352136 , 9365.0 , 2.62816E7
MPI_Type_commit , 5.924562E8 , 19285.68359375 , 8432.0 , 179533.0
MPI_Type_commit , 2.138266E8 , 12283.237591911764 , 11470.0 , 168344.0
MPI_Type_struct , 4.39053E7 , 14292.08984375 , 11603.0 , 107700.0
MPI_Type_struct , 1.03299E7 , 10087.79296875 , 11974.0 , 96146.0
amrini_ , 8.43002E10 , 8.23244140625E7 , 8.22679E7 , 8.23473E7
cth , 8.26212E11 , 8.0684765625E8 , 8.06284E8 , 8.07878E8
initvtkCoProcessorPython , 1.75828E7 , 17170.703125 , 2203020.0 , 3611980.0
pvspy_fil , 5.07072E10 , 4.951875E7 , 4.85671E7 , 5.0423E7
pvspy_stb , 4.58897E7 , 44814.16015625 , 8713.0 , 126859.0
spy_file_out , 8.38047E9 , 8184052.734375 , 7527830.0 , 9912940.0
<<<< 
>>>>  amr-file-hpctoolkit/pipe-5-01024/extracted_timings-e719251.csv 
%  amr-file-hpctoolkit/pipe-5-01024   amr-file-hpctoolkit/pipe-5-01024/extracted_timings-e719251.csv 
%
% Summary Statistics:
% operation,  mean,  min,  max, std
% -------------------------------------------------------------------
% CTH_TIMINGS       ,  13.02756164 ,  11.532514 ,  14.949139 ,  0.913506029178092 
% PVSPY_VIZ_TIMINGS ,  7.91e-05 ,  7.2e-05 ,  9.2e-05 ,  3.67701076463821e-06 
% -------------------------------------------------------------------
"cycle","cth","viz"
10,11.921181,8.5e-05
20,12.359895,8e-05
30,11.621568,7.6e-05
40,11.532514,8.9e-05
50,11.647322,8.3e-05
60,11.770115,7.9e-05
70,12.376283,8.2e-05
80,12.44649,7.7e-05
90,11.68402,7.7e-05
100,11.785581,7.7e-05
110,11.725913,7.4e-05
120,11.823187,7.6e-05
130,11.755645,8e-05
140,11.939675,8.1e-05
150,11.981546,7.6e-05
160,12.240693,7.2e-05
170,12.223058,8.2e-05
180,12.507761,7.7e-05
190,12.576388,8.3e-05
200,12.810091,8.2e-05
210,13.042301,7.3e-05
220,13.017335,7.4e-05
230,12.973081,8.3e-05
240,13.085364,7.7e-05
250,13.174919,8e-05
260,13.424965,7.9e-05
270,13.76657,7.7e-05
280,13.346005,7.8e-05
290,13.388384,7.9e-05
300,14.089618,8e-05
310,13.589179,7.9e-05
320,13.8305,9.2e-05
330,14.068715,8e-05
340,13.793875,7.9e-05
350,13.662175,8.2e-05
360,14.412777,7.8e-05
370,14.053907,7.6e-05
380,13.566756,8e-05
390,13.484087,7.9e-05
400,13.552885,7.5e-05
410,13.61378,7.3e-05
420,14.949139,7.8e-05
430,13.579629,8e-05
440,13.913769,8.2e-05
450,13.692458,8e-05
460,13.559123,7.9e-05
470,13.843459,7.8e-05
480,14.134721,7.9e-05
490,14.021389,7.8e-05
500,14.018291,8e-05
<<<< 
>>>>  amr-file-hpctoolkit/pipe-5-01024/extracted_timings-e718946.csv 
%  amr-file-hpctoolkit/pipe-5-01024   amr-file-hpctoolkit/pipe-5-01024/extracted_timings-e718946.csv 
%
% Summary Statistics:
% operation,  mean,  min,  max, std
% -------------------------------------------------------------------
% CTH_TIMINGS       ,  13.04866574 ,  11.656221 ,  14.256675 ,  0.851601680986896 
% PVSPY_VIZ_TIMINGS ,  6.666e-05 ,  6e-05 ,  0.000115 ,  7.40272977780935e-06 
% -------------------------------------------------------------------
"cycle","cth","viz"
10,12.021204,6.9e-05
20,11.663108,7.1e-05
30,11.715861,0.000115
40,11.656221,7e-05
50,11.701471,6.7e-05
60,12.153931,6.9e-05
70,12.48637,6.2e-05
80,12.049385,6.6e-05
90,11.802086,6.5e-05
100,11.916006,6.6e-05
110,11.787482,6.7e-05
120,12.499897,6.4e-05
130,11.923215,6.6e-05
140,11.909626,6.5e-05
150,12.045981,6.7e-05
160,12.347177,6e-05
170,12.29833,6.3e-05
180,12.63937,6.5e-05
190,12.632359,6.4e-05
200,12.848338,6.5e-05
210,13.050886,7.1e-05
220,13.060595,6.3e-05
230,13.138313,6.3e-05
240,13.103106,6.3e-05
250,13.153821,6.4e-05
260,13.51016,6.3e-05
270,13.831038,7e-05
280,13.3911,6.2e-05
290,13.493966,6.5e-05
300,13.974135,6.5e-05
310,13.610692,6.6e-05
320,13.857839,6.6e-05
330,14.115934,6.6e-05
340,13.878997,6.4e-05
350,13.710685,6.6e-05
360,14.134741,6.6e-05
370,13.945811,6.9e-05
380,13.614902,7.1e-05
390,13.596464,6.5e-05
400,13.566881,6.5e-05
410,13.642892,6.8e-05
420,13.766911,6.8e-05
430,13.629405,6.7e-05
440,13.935106,6.4e-05
450,13.736938,6.6e-05
460,13.567436,6.3e-05
470,13.892611,6.4e-05
480,14.256675,6.5e-05
490,14.065074,6.4e-05
500,14.102755,6.5e-05
<<<< 
>>>>  amr-file-hpctoolkit/pipe-5-01024/hpctoolkit-mpicth-database-718946/experiment.csv 
Function  , sum  , mean  , min  , max  
MPI_Allgather , 1.291078E8 , 25216.3671875 , 9520.0 , 119899.0
MPI_Barrier , 1.474076088E11 , 3890614.674831081 , 8286.0 , 8.62462E7
MPI_Barrier , 1.27692E10 , 1.2469921875E7 , 1.04576E7 , 1.43273E7
MPI_Bcast , 1.3551959E9 , 77849.0291819853 , 9127.0 , 730229.0
MPI_Bcast , 6.67292E9 , 6516523.4375 , 11699.0 , 2.12966E7
MPI_Bcast , 2.5787638E8 , 83944.13411458333 , 9639.0 , 383307.0
MPI_Finalize , 4.35221E8 , 425020.5078125 , 67524.0 , 761289.0
MPI_Isend , 6.2738E7 , 15316.89453125 , 11907.0 , 132474.0
MPI_Recv , 1.591755391E10 , 263465.8684785487 , 8406.0 , 1.51648E7
MPI_Reduce_scatter , 1.0109869E8 , 19745.837890625 , 8600.0 , 105455.0
MPI_Send , 1.006498052E11 , 2520277.5741185895 , 9314.0 , 2.62016E7
MPI_Type_commit , 5.871133E8 , 19111.761067708332 , 8476.0 , 227160.0
MPI_Type_commit , 1.5383695E8 , 15023.1396484375 , 11914.0 , 168069.0
MPI_Type_struct , 3.30322E7 , 16129.00390625 , 11896.0 , 95814.0
amrini_ , 8.53763E10 , 8.337529296875E7 , 8.32897E7 , 8.33995E7
cth , 9.05537E11 , 8.843134765625E8 , 8.83794E8 , 8.86015E8
initvtkCoProcessorPython , 4.42241E7 , 43187.59765625 , 2151590.0 , 8339640.0
pvspy_fil , 1.20553E11 , 1.177275390625E8 , 1.17014E8 , 1.20129E8
pvspy_stb , 4.37491E7 , 42723.73046875 , 10000.0 , 126893.0
real_initvtkCoProcessorPython(char const *) , 4.42241E7 , 43187.59765625 , 2151590.0 , 8339640.0
spy_file_out , 1.40883E10 , 1.375810546875E7 , 1.30935E7 , 1.5482E7
<<<< 
>>>>  amr-file-hpctoolkit/pipe-6-01024/hpctoolkit-mpicth-database-723153/experiment.csv 
Function  , sum  , mean  , min  , max  
MPI_Allgather , 6.11505E7 , 59717.28515625 , 11333.0 , 154869.0
MPI_Barrier , 4.418289043E11 , 1.1661447009607263E7 , 11937.0 , 1.41971E8
MPI_Barrier , 1.34704E10 , 1.31546875E7 , 1.11779E7 , 1.98578E7
MPI_Bcast , 3.915502E8 , 191186.62109375 , 41967.0 , 358071.0
MPI_Bcast , 2.46174E9 , 2404042.96875 , 9530.0 , 9195760.0
MPI_Bcast , 1.394365E8 , 68084.228515625 , 11991.0 , 231391.0
MPI_Finalize , 3.79685E8 , 370786.1328125 , 11858.0 , 707806.0
MPI_Recv , 7.22861092E10 , 2016911.529017857 , 9459.0 , 1.01139E8
MPI_Reduce_scatter , 4.97637E7 , 48597.36328125 , 11121.0 , 118636.0
MPI_Send , 3.879285455E11 , 9713755.646534456 , 11916.0 , 1.01079E8
MPI_Type_commit , 1.1834759E9 , 72233.63647460938 , 11490.0 , 490057.0
MPI_Type_commit , 1.017237E8 , 49669.775390625 , 11920.0 , 191352.0
amrini_ , 2.31209E11 , 2.257900390625E8 , 2.25763E8 , 2.25819E8
cth , 3.934E12 , 3.841796875E9 , 3.83932E9 , 3.84371E9
pvspy_fil , 3.44702E10 , 3.36623046875E7 , 3.24136E7 , 3.45468E7
pvspy_stb , 2.19155E8 , 214018.5546875 , 60192.0 , 626198.0
spy_file_out , 1.67328E10 , 1.6340625E7 , 1.43363E7 , 2.30686E7
<<<< 
>>>>  amr-file-hpctoolkit/pipe-6-01024/extracted_timings-e723153.csv 
%  amr-file-hpctoolkit/pipe-6-01024   amr-file-hpctoolkit/pipe-6-01024/extracted_timings-e723153.csv 
%
% Summary Statistics:
% operation,  mean,  min,  max, std
% -------------------------------------------------------------------
% CTH_TIMINGS       ,  69.81683332 ,  67.104832 ,  81.815582 ,  3.07484563515834 
% PVSPY_VIZ_TIMINGS ,  6.362e-05 ,  5.8e-05 ,  7.7e-05 ,  3.85920579753854e-06 
% -------------------------------------------------------------------
"cycle","cth","viz"
10,68.236919,7.1e-05
20,67.160242,7.2e-05
30,67.230139,6.9e-05
40,67.538101,7e-05
50,67.989812,6.4e-05
60,67.204041,6.6e-05
70,67.104832,6.6e-05
80,67.163835,6.8e-05
90,67.283073,6.1e-05
100,68.192986,6.4e-05
110,67.163468,6.5e-05
120,67.355459,7.7e-05
130,68.556852,6.4e-05
140,70.33927,6.1e-05
150,68.213892,6.1e-05
160,67.573826,6.3e-05
170,67.574608,6.6e-05
180,67.929468,6.3e-05
190,67.611374,6e-05
200,68.136997,6e-05
210,67.673147,5.8e-05
220,67.594979,5.9e-05
230,67.708232,6.5e-05
240,68.769119,6.1e-05
250,69.67321,6.4e-05
260,68.974824,5.8e-05
270,68.741886,6.6e-05
280,69.614055,6.7e-05
290,69.466867,6.6e-05
300,69.338983,6.1e-05
310,69.796414,6.1e-05
320,69.943932,6.4e-05
330,70.500674,5.9e-05
340,69.438971,6e-05
350,70.076268,6.1e-05
360,70.173512,6.7e-05
370,70.483422,6.1e-05
380,70.396207,6.6e-05
390,71.137907,6.4e-05
400,70.424444,6.3e-05
410,71.538705,6.5e-05
420,71.406708,6.3e-05
430,70.359275,6.1e-05
440,72.446317,6.2e-05
450,73.153359,6.6e-05
460,72.416426,5.9e-05
470,76.616147,6.2e-05
480,81.815582,6.1e-05
490,77.695017,6e-05
500,77.907883,6e-05
<<<< 
>>>>  amr-file-hpctoolkit/pipe-6-02048/hpctoolkit-mpicth-database-718948/experiment.csv 
Function  , sum  , mean  , min  , max  
MPI_Allgather , 5.95754E8 , 58179.1015625 , 11021.0 , 191776.0
MPI_Barrier , 6.894394276E11 , 8858956.460731909 , 8557.0 , 1.0538E8
MPI_Barrier , 1.58217E11 , 7.725439453125E7 , 6.67559E7 , 8.0319E7
MPI_Bcast , 1.6111787E9 , 131118.05826822916 , 9206.0 , 549907.0
MPI_Bcast , 4.85888E9 , 2372500.0 , 8934.0 , 9813140.0
MPI_Bcast , 1.3811E8 , 67436.5234375 , 44491.0 , 87443.0
MPI_Finalize , 7.81999E8 , 381835.44921875 , 21773.0 , 723455.0
MPI_Recv , 8.77401412E10 , 840036.5847120098 , 9412.0 , 4.84367E7
MPI_Reduce_scatter , 3.417039E8 , 55615.869140625 , 10558.0 , 191760.0
MPI_Send , 4.895415694E11 , 5830096.815453506 , 10518.0 , 6.09439E7
MPI_Type_commit , 1.9028568E9 , 46456.46484375 , 11248.0 , 334493.0
MPI_Type_commit , 2.214664E8 , 36045.963541666664 , 10628.0 , 179097.0
MPI_Type_struct , 7.14075E7 , 34866.943359375 , 11915.0 , 131369.0
amrini_ , 3.17582E11 , 1.550693359375E8 , 1.55046E8 , 1.55093E8
cth , 4.84231E12 , 2.3644091796875E9 , 2.36331E9 , 2.36769E9
pvspy_fil , 3.18782E11 , 1.556552734375E8 , 1.52666E8 , 1.57152E8
pvspy_stb , 2.195E8 , 107177.734375 , 11972.0 , 309689.0
spy_file_out , 1.62771E11 , 7.947802734375E7 , 7.84657E7 , 8.22454E7
<<<< 
>>>>  amr-file-hpctoolkit/pipe-6-02048/extracted_timings-e719254.csv 
%  amr-file-hpctoolkit/pipe-6-02048   amr-file-hpctoolkit/pipe-6-02048/extracted_timings-e719254.csv 
%
% Summary Statistics:
% operation,  mean,  min,  max, std
% -------------------------------------------------------------------
% CTH_TIMINGS       ,  38.12857434 ,  35.888336 ,  48.465254 ,  2.68378327231452 
% PVSPY_VIZ_TIMINGS ,  5.004e-05 ,  4.1e-05 ,  6.2e-05 ,  4.42146895896624e-06 
% -------------------------------------------------------------------
"cycle","cth","viz"
10,36.18435,5e-05
20,36.749166,5e-05
30,36.024425,5.8e-05
40,36.113777,5.1e-05
50,35.977673,5.6e-05
60,36.608457,5.6e-05
70,36.011141,5e-05
80,36.816377,5.2e-05
90,36.168229,4.9e-05
100,36.84404,5.2e-05
110,35.999517,4.5e-05
120,36.543761,5.1e-05
130,36.190345,4.9e-05
140,38.963442,4.8e-05
150,36.206941,4.7e-05
160,35.942807,4.7e-05
170,35.888336,4.8e-05
180,36.010392,5.2e-05
190,35.924429,4.8e-05
200,36.206361,5.1e-05
210,36.066584,5.1e-05
220,37.244984,4.7e-05
230,36.189922,5e-05
240,37.61108,4.9e-05
250,36.95528,4.4e-05
260,37.41817,4.8e-05
270,36.942168,5.1e-05
280,36.929556,4.8e-05
290,37.432391,4.8e-05
300,38.524368,4.3e-05
310,37.902215,4.4e-05
320,37.798859,4.9e-05
330,38.521733,4.9e-05
340,39.108786,5.2e-05
350,38.806913,4.8e-05
360,38.847632,4.9e-05
370,38.701931,4.3e-05
380,39.82644,5.2e-05
390,39.628638,5e-05
400,39.136361,5.3e-05
410,39.675438,4.8e-05
420,39.074435,4.8e-05
430,38.76455,4.7e-05
440,39.280319,5.5e-05
450,39.583355,5e-05
460,39.713748,4.1e-05
470,43.781585,5e-05
480,48.465254,6.2e-05
490,45.491698,6.2e-05
500,45.630358,6.1e-05
<<<< 
>>>>  amr-file-hpctoolkit/pipe-6-02048/extracted_timings-e718948.csv 
%  amr-file-hpctoolkit/pipe-6-02048   amr-file-hpctoolkit/pipe-6-02048/extracted_timings-e718948.csv 
%
% Summary Statistics:
% operation,  mean,  min,  max, std
% -------------------------------------------------------------------
% CTH_TIMINGS       ,  38.55366356 ,  36.130574 ,  48.86913 ,  2.69524498050237 
% PVSPY_VIZ_TIMINGS ,  4.84e-05 ,  4.2e-05 ,  5.9e-05 ,  3.81190401832181e-06 
% -------------------------------------------------------------------
"cycle","cth","viz"
10,36.401691,4.2e-05
20,36.130574,5.3e-05
30,37.387829,4.7e-05
40,36.401901,5.3e-05
50,36.458755,4.4e-05
60,36.413174,4.8e-05
70,37.272774,5e-05
80,36.552371,4.9e-05
90,37.350705,4.7e-05
100,36.3373,4.7e-05
110,37.418169,5.2e-05
120,36.610051,4.8e-05
130,37.239986,4.9e-05
140,38.642602,5e-05
150,36.57186,4.2e-05
160,37.183293,4.5e-05
170,36.242204,5e-05
180,37.19823,4.9e-05
190,36.159626,4.6e-05
200,36.77129,5.1e-05
210,36.902638,5e-05
220,36.263509,4.6e-05
230,36.592118,5.2e-05
240,37.195338,4.9e-05
250,37.660224,4.2e-05
260,37.305717,4.7e-05
270,37.372126,4.8e-05
280,37.275589,5.1e-05
290,38.846834,4.5e-05
300,38.222834,5.8e-05
310,39.211759,4.7e-05
320,38.396932,4.6e-05
330,39.392431,4.9e-05
340,38.824541,4.6e-05
350,39.27224,4.6e-05
360,40.191987,4.7e-05
370,39.181662,4.4e-05
380,39.715099,4.2e-05
390,40.437759,4.6e-05
400,39.428871,5.1e-05
410,39.948908,4.9e-05
420,39.526697,4.5e-05
430,39.121858,4.7e-05
440,39.460236,4.7e-05
450,40.077926,5e-05
460,39.813645,4.8e-05
470,44.355913,4.9e-05
480,48.86913,5.6e-05
490,45.926475,5.6e-05
500,46.147797,5.9e-05
<<<< 
>>>>  amr-file-hpctoolkit/pipe-6-02048/hpctoolkit-mpicth-database-719254/experiment.csv 
Function  , sum  , mean  , min  , max  
MPI_Allgather , 5.374313E8 , 52483.525390625 , 10174.0 , 202005.0
MPI_Barrier , 6.584986325E11 , 8461382.510536596 , 10989.0 , 8.8711E7
MPI_Barrier , 4.43198E10 , 2.164052734375E7 , 2.0386E7 , 2.43636E7
MPI_Bcast , 3.576747E9 , 218307.31201171875 , 8006.0 , 1485320.0
MPI_Bcast , 9.12145E9 , 4453833.0078125 , 23604.0 , 1.94212E7
MPI_Bcast , 4.60712E8 , 112478.515625 , 11992.0 , 443273.0
MPI_Finalize , 7.78051E8 , 379907.71484375 , 22088.0 , 720006.0
MPI_Isend , 5.15105E7 , 25151.611328125 , 11927.0 , 119588.0
MPI_Recv , 8.71927008E10 , 834795.3125 , 8465.0 , 4.83845E7
MPI_Reduce_scatter , 3.068435E8 , 49941.975911458336 , 9519.0 , 203748.0
MPI_Send , 4.845229587E11 , 5914586.898193359 , 9586.0 , 6.02743E7
MPI_Type_commit , 2.3488547E9 , 39548.33479256465 , 10163.0 , 310558.0
MPI_Type_commit , 2.196463E8 , 35749.723307291664 , 11912.0 , 179453.0
MPI_Type_struct , 7.25968E7 , 35447.65625 , 11817.0 , 131509.0
amrini_ , 3.17787E11 , 1.5516943359375E8 , 1.55138E8 , 1.5519E8
cth , 4.56092E12 , 2.22701171875E9 , 2.22564E9 , 2.22948E9
pvspy_fil , 1.98963E11 , 9.714990234375E7 , 9.66134E7 , 9.89424E7
pvspy_stb , 2.09005E8 , 102053.22265625 , 11973.0 , 298233.0
spy_file_out , 4.84542E10 , 2.365927734375E7 , 2.29817E7 , 2.62967E7
<<<< 
>>>>  amr-file-hpctoolkit/pipe-6-04096/hpctoolkit-mpicth-database-718949/experiment.csv 
Function  , sum  , mean  , min  , max  
MPI_Allgather , 1.9321448E9 , 58964.3798828125 , 9333.0 , 351929.0
MPI_Barrier , 9.02830674E11 , 5510441.125488281 , 8493.0 , 1.07692E8
MPI_Barrier , 1.6669E11 , 4.069580078125E7 , 3.53047E7 , 4.71744E7
MPI_Bcast , 3.1047002E9 , 68907.58611505682 , 8121.0 , 875469.0
MPI_Bcast , 6.12881E10 , 1.49629150390625E7 , 10667.0 , 4.91885E7
MPI_Bcast , 1.6906752E9 , 37523.86363636364 , 8453.0 , 227701.0
MPI_Finalize , 1.94107E9 , 473894.04296875 , 105985.0 , 824749.0
MPI_Isend , 8.45594E7 , 20644.384765625 , 11909.0 , 119536.0
MPI_Recv , 1.086539865E11 , 491238.0032009549 , 8118.0 , 3.23683E7
MPI_Reduce_scatter , 8.443799E9 , 412294.873046875 , 10794.0 , 1212700.0
MPI_Send , 6.166251207E11 , 3671786.3989853277 , 9404.0 , 3.51881E7
MPI_Type_commit , 2.3648E9 , 36083.984375 , 8464.0 , 250886.0
MPI_Type_commit , 4.940532E8 , 24123.69140625 , 11898.0 , 191267.0
MPI_Type_struct , 1.09524E8 , 26739.2578125 , 11875.0 , 119463.0
amrini_ , 4.63314E11 , 1.1311376953125E8 , 1.13071E8 , 1.13141E8
cth , 7.11E12 , 1.73583984375E9 , 1.73448E9 , 1.73999E9
initvtkCoProcessorPython , 7.77536E8 , 189828.125 , 1.5152E7 , 3.64479E7
pvspy_fil , 1.98951E12 , 4.8572021484375E8 , 4.83323E8 , 4.86802E8
pvspy_stb , 2.08744E8 , 50962.890625 , 8513.0 , 154771.0
real_initvtkCoProcessorPython(char const *) , 7.77536E8 , 189828.125 , 1.5152E7 , 3.64479E7
spy_file_out , 1.73375E11 , 4.2327880859375E7 , 3.75314E7 , 4.89341E7
<<<< 
>>>>  amr-file-hpctoolkit/pipe-6-04096/hpctoolkit-mpicth-database-719255/experiment.csv 
Function  , sum  , mean  , min  , max  
MPI_Allgather , 1.9110935E9 , 58321.94519042969 , 8060.0 , 729838.0
MPI_Barrier , 8.713737231E11 , 5188725.008931974 , 8260.0 , 1.06781E8
MPI_Barrier , 4.48441E11 , 1.09482666015625E8 , 1.00071E8 , 1.15957E8
MPI_Bcast , 3.9957871E9 , 88684.90545099432 , 8184.0 , 529674.0
MPI_Bcast , 2.01139E10 , 4910620.1171875 , 8778.0 , 1.55994E7
MPI_Bcast , 1.7391626E9 , 32661.55724158654 , 8027.0 , 227711.0
MPI_Finalize , 1.61347E9 , 393913.57421875 , 21914.0 , 740000.0
MPI_Isend , 1.652509E8 , 20172.22900390625 , 10309.0 , 143216.0
MPI_Recv , 1.060479766E11 , 488502.25070017687 , 8241.0 , 3.24876E7
MPI_Reduce_scatter , 5.2872006E9 , 258164.091796875 , 9770.0 , 867094.0
MPI_Send , 6.152271788E11 , 3663462.1451028963 , 8475.0 , 3.53297E7
MPI_Type_commit , 3.2754276E9 , 26655.498046875 , 9359.0 , 262791.0
MPI_Type_commit , 5.591288E8 , 22751.009114583332 , 11774.0 , 179703.0
MPI_Type_struct , 1.1093E8 , 27082.51953125 , 11764.0 , 131553.0
amrini_ , 4.5783E11 , 1.1177490234375E8 , 1.11752E8 , 1.11803E8
cth , 5.95832E12 , 1.45466796875E9 , 1.45386E9 , 1.45827E9
initvtkCoProcessorPython , 1.27302E8 , 31079.58984375 , 83950.0 , 8171810.0
pvspy_fil , 6.1633E11 , 1.5047119140625E8 , 1.50405E8 , 1.50755E8
pvspy_stb , 2.27763E8 , 55606.201171875 , 8491.0 , 162739.0
spy_file_out , 4.55444E11 , 1.111923828125E8 , 1.06346E8 , 1.1781E8
<<<< 
>>>>  amr-file-hpctoolkit/pipe-6-04096/extracted_timings-e718949.csv 
%  amr-file-hpctoolkit/pipe-6-04096   amr-file-hpctoolkit/pipe-6-04096/extracted_timings-e718949.csv 
%
% Summary Statistics:
% operation,  mean,  min,  max, std
% -------------------------------------------------------------------
% CTH_TIMINGS       ,  21.28767912 ,  20.170539 ,  22.927759 ,  0.67259226209961 
% PVSPY_VIZ_TIMINGS ,  4.936e-05 ,  4.5e-05 ,  5.8e-05 ,  2.75355058357869e-06 
% -------------------------------------------------------------------
"cycle","cth","viz"
10,20.856496,5e-05
20,20.570695,4.9e-05
30,20.595586,4.8e-05
40,20.750839,5.2e-05
50,20.80472,4.9e-05
60,20.790316,5e-05
70,20.976106,5.1e-05
80,20.701552,5.2e-05
90,21.972973,5.5e-05
100,20.861675,5.1e-05
110,20.837518,5.8e-05
120,22.060883,5e-05
130,20.90812,5.1e-05
140,22.06472,5.2e-05
150,20.694638,5e-05
160,21.208495,4.6e-05
170,20.241346,5.1e-05
180,20.178921,4.7e-05
190,21.187236,4.8e-05
200,20.170539,4.9e-05
210,20.436751,4.7e-05
220,21.407294,5.1e-05
230,20.261888,5.3e-05
240,20.978822,4.7e-05
250,20.597993,5.1e-05
260,21.645396,4.6e-05
270,20.600567,4.5e-05
280,20.695313,4.6e-05
290,21.549347,5e-05
300,21.298529,5.2e-05
310,21.291406,4.7e-05
320,21.17999,4.7e-05
330,21.580587,5.2e-05
340,21.38821,5.3e-05
350,21.504526,4.7e-05
360,21.62484,5.1e-05
370,21.847779,4.9e-05
380,21.492875,4.8e-05
390,22.024504,4.6e-05
400,21.539471,5.2e-05
410,21.921397,4.7e-05
420,22.080072,4.9e-05
430,21.402006,4.5e-05
440,21.674231,5.3e-05
450,22.927759,4.6e-05
460,21.89602,4.7e-05
470,22.695959,5e-05
480,22.784707,4.9e-05
490,21.775155,4.6e-05
500,21.847188,4.7e-05
<<<< 
>>>>  amr-file-hpctoolkit/pipe-6-04096/extracted_timings-e719255.csv 
%  amr-file-hpctoolkit/pipe-6-04096   amr-file-hpctoolkit/pipe-6-04096/extracted_timings-e719255.csv 
%
% Summary Statistics:
% operation,  mean,  min,  max, std
% -------------------------------------------------------------------
% CTH_TIMINGS       ,  21.03934042 ,  19.832487 ,  22.4912 ,  0.736650739586813 
% PVSPY_VIZ_TIMINGS ,  5.984e-05 ,  5.7e-05 ,  6.5e-05 ,  1.75382962893975e-06 
% -------------------------------------------------------------------
"cycle","cth","viz"
10,20.243937,5.9e-05
20,21.160824,6e-05
30,20.308649,6e-05
40,20.293359,6.3e-05
50,20.34983,6e-05
60,21.303949,6.1e-05
70,20.432345,6e-05
80,20.486898,6e-05
90,21.793944,6e-05
100,20.504124,6e-05
110,20.476797,6.2e-05
120,20.545578,6.3e-05
130,20.636001,6e-05
140,21.649899,5.7e-05
150,20.114211,5.7e-05
160,20.678501,5.9e-05
170,19.832487,5.8e-05
180,19.943911,6.1e-05
190,19.886222,6.1e-05
200,20.496533,6e-05
210,20.03395,5.8e-05
220,20.597395,5.8e-05
230,20.031296,6.2e-05
240,20.54871,6e-05
250,21.479937,5.9e-05
260,20.343916,5.8e-05
270,20.425407,5.9e-05
280,21.014633,5.8e-05
290,20.817305,5.9e-05
300,21.109378,6.1e-05
310,22.043677,6.2e-05
320,20.795777,6.1e-05
330,21.260844,5.7e-05
340,21.036424,5.8e-05
350,21.373393,6.1e-05
360,21.519355,6.4e-05
370,21.397232,5.8e-05
380,21.672651,5.9e-05
390,22.114766,5.9e-05
400,21.796659,6.5e-05
410,22.106533,6e-05
420,21.718132,6.1e-05
430,22.049637,5.8e-05
440,21.583008,5.9e-05
450,21.648647,6e-05
460,21.961216,5.9e-05
470,22.448591,6e-05
480,22.4912,6.1e-05
490,21.766461,5.8e-05
500,21.642892,5.9e-05
<<<< 
>>>>  amr-file-hpctoolkit/pipe-6-08192/hpctoolkit-mpicth-database-718950/experiment.csv 
Function  , sum  , mean  , min  , max  
MPI_Allgather , 5.988287E9 , 81221.34060329861 , 8464.0 , 287683.0
MPI_Barrier , 1.622856412E12 , 4831770.472084603 , 8597.0 , 1.0105E8
MPI_Barrier , 9.34118E11 , 1.14028076171875E8 , 9.87635E7 , 1.18998E8
MPI_Bcast , 1.0227386E10 , 89175.72893415179 , 8011.0 , 1654960.0
MPI_Bcast , 1.05365E11 , 1.28619384765625E7 , 8698.0 , 4.21825E7
MPI_Bcast , 2.998727E9 , 36605.55419921875 , 9045.0 , 363335.0
MPI_Finalize , 3.90081E9 , 476173.095703125 , 93860.0 , 838319.0
MPI_Recv , 1.26907699E11 , 360271.2203624637 , 8113.0 , 1.56606E7
MPI_Reduce_scatter , 1.8307779E10 , 372472.71728515625 , 10005.0 , 1342560.0
MPI_Send , 8.12611053E11 , 2755435.6994628906 , 10006.0 , 2.533E7
MPI_Type_commit , 3.378046E9 , 25772.445678710938 , 8114.0 , 203615.0
MPI_Type_commit , 5.50956E8 , 22418.45703125 , 11680.0 , 204158.0
amrini_ , 7.85832E11 , 9.59267578125E7 , 9.54451E7 , 9.59516E7
cth , 1.50384E13 , 1.8357421875E9 , 1.83435E9 , 1.848E9
initvtkCoProcessorPython , 1.15697E9 , 141231.689453125 , 3178950.0 , 3.59999E7
pvspy_fil , 7.63469E12 , 9.31968994140625E8 , 9.31594E8 , 9.32832E8
pvspy_stb , 2.96619E8 , 36208.3740234375 , 8471.0 , 122528.0
real_initvtkCoProcessorPython(char const *) , 1.12605E9 , 137457.275390625 , 3178950.0 , 3.59999E7
spy_file_out , 9.43057E11 , 1.151192626953125E8 , 1.14258E8 , 1.20242E8
<<<< 
>>>>  amr-file-hpctoolkit/pipe-6-08192/hpctoolkit-mpicth-database-719256/experiment.csv 
Function  , sum  , mean  , min  , max  
MPI_Allgather , 5.449686E9 , 83155.60913085938 , 8328.0 , 275208.0
MPI_Barrier , 1.5043621E12 , 4372332.182384673 , 8202.0 , 9.85149E7
MPI_Barrier , 6.92034E11 , 8.4476806640625E7 , 7.97765E7 , 8.93344E7
MPI_Bcast , 6.792963E9 , 75383.55601917613 , 8013.0 , 358048.0
MPI_Bcast , 5.91076E10 , 7215283.203125 , 8730.0 , 2.50795E7
MPI_Bcast , 1.143945E9 , 46547.2412109375 , 8133.0 , 155110.0
MPI_Finalize , 3.42727E9 , 418367.919921875 , 45593.0 , 777393.0
MPI_Isend , 4.19229E8 , 17058.4716796875 , 11914.0 , 144418.0
MPI_Recv , 1.292172192E11 , 238993.73224431818 , 8038.0 , 1.56241E7
MPI_Reduce_scatter , 1.8115153E10 , 315903.1982421875 , 10670.0 , 1291460.0
MPI_Send , 8.05745987E11 , 2458941.6107177734 , 9342.0 , 2.43404E7
MPI_Type_commit , 3.371889E9 , 25725.47149658203 , 8106.0 , 215253.0
MPI_Type_commit , 9.10839E8 , 18531.06689453125 , 9782.0 , 155883.0
MPI_Type_struct , 1.75445E8 , 21416.6259765625 , 10023.0 , 107685.0
amrini_ , 7.76966E11 , 9.4844482421875E7 , 9.45117E7 , 9.48681E7
cth , 9.22565E12 , 1.126177978515625E9 , 1.12519E9 , 1.13274E9
initvtkCoProcessorPython , 4.58518E8 , 55971.435546875 , 3443930.0 , 1.5864E7
pvspy_fil , 2.31656E12 , 2.82783203125E8 , 2.79114E8 , 2.8354E8
pvspy_stb , 3.24238E8 , 39579.833984375 , 8241.0 , 126468.0
real_initvtkCoProcessorPython(char const *) , 4.58518E8 , 55971.435546875 , 3443930.0 , 1.5864E7
spy_file_out , 6.99932E11 , 8.544091796875E7 , 8.45627E7 , 9.05618E7
<<<< 
>>>>  amr-file-hpctoolkit/pipe-6-08192/extracted_timings-e718950.csv 
%  amr-file-hpctoolkit/pipe-6-08192   amr-file-hpctoolkit/pipe-6-08192/extracted_timings-e718950.csv 
%
% Summary Statistics:
% operation,  mean,  min,  max, std
% -------------------------------------------------------------------
% CTH_TIMINGS       ,  13.43914746 ,  11.901004 ,  18.612718 ,  1.54265691100796 
% PVSPY_VIZ_TIMINGS ,  5.368e-05 ,  4.6e-05 ,  0.000156 ,  1.54555848171726e-05 
% -------------------------------------------------------------------
"cycle","cth","viz"
10,13.074742,5.4e-05
20,12.358575,4.9e-05
30,12.468474,4.7e-05
40,13.888742,0.000156
50,12.479861,5e-05
60,12.384108,5.5e-05
70,12.301882,5.2e-05
80,12.3329,5.4e-05
90,12.478928,5.1e-05
100,13.19114,4.8e-05
110,12.356408,5.2e-05
120,12.538239,5.2e-05
130,12.43757,4.8e-05
140,13.573356,5e-05
150,13.636838,5e-05
160,12.045575,5e-05
170,11.904398,4.6e-05
180,11.901004,4.6e-05
190,11.904643,4.8e-05
200,12.987345,5.2e-05
210,12.245518,5.1e-05
220,12.513477,4.7e-05
230,12.310877,4.8e-05
240,12.599641,5.1e-05
250,12.569216,4.9e-05
260,13.38135,5e-05
270,13.493585,4.6e-05
280,16.059275,5.2e-05
290,14.57271,5.1e-05
300,13.817872,4.9e-05
310,13.108879,4.6e-05
320,13.365218,4.8e-05
330,13.638767,5.1e-05
340,12.789504,5.4e-05
350,13.134317,4.9e-05
360,13.280134,5.1e-05
370,13.530905,4.8e-05
380,12.984162,5.1e-05
390,13.437886,5e-05
400,13.166262,5.6e-05
410,14.026477,5e-05
420,13.975471,5.3e-05
430,12.905347,5.7e-05
440,13.240991,5.5e-05
450,13.411737,5.1e-05
460,14.709229,5.5e-05
470,18.612718,6.8e-05
480,17.925996,6.1e-05
490,17.016248,6.5e-05
500,17.888876,6.1e-05
<<<< 
>>>>  amr-file-hpctoolkit/pipe-6-08192/extracted_timings-e719256.csv 
%  amr-file-hpctoolkit/pipe-6-08192   amr-file-hpctoolkit/pipe-6-08192/extracted_timings-e719256.csv 
%
% Summary Statistics:
% operation,  mean,  min,  max, std
% -------------------------------------------------------------------
% CTH_TIMINGS       ,  12.8797044 ,  11.784371 ,  17.611203 ,  1.42264766921415 
% PVSPY_VIZ_TIMINGS ,  5.62e-05 ,  5e-05 ,  6.6e-05 ,  3.01695886884898e-06 
% -------------------------------------------------------------------
"cycle","cth","viz"
10,12.744766,5.8e-05
20,12.042784,5.6e-05
30,12.171704,5.3e-05
40,12.021162,5.7e-05
50,13.183407,5.2e-05
60,12.118183,5.8e-05
70,12.024654,5.6e-05
80,12.047643,5.8e-05
90,12.178657,5.9e-05
100,13.459187,5.4e-05
110,12.131703,5.8e-05
120,12.164462,5.5e-05
130,12.11154,5.6e-05
140,13.189047,5.5e-05
150,12.061207,5.8e-05
160,12.774497,5.8e-05
170,11.784371,5.2e-05
180,11.90968,5.6e-05
190,11.819865,5.8e-05
200,11.8441,5.6e-05
210,13.172243,6e-05
220,11.91658,5.2e-05
230,11.975643,5.4e-05
240,12.198664,6.1e-05
250,12.075236,5.5e-05
260,13.179615,5.5e-05
270,12.139381,5.6e-05
280,12.13476,5.6e-05
290,12.357685,5.3e-05
300,12.836637,5.4e-05
310,12.364939,5e-05
320,12.151009,5.6e-05
330,12.506232,5.6e-05
340,12.200221,5.4e-05
350,13.360928,5.5e-05
360,12.599537,5.6e-05
370,12.387758,5.6e-05
380,12.551258,5.3e-05
390,12.911531,5.5e-05
400,14.00643,5.4e-05
410,12.935236,5.9e-05
420,12.623162,5.4e-05
430,12.400858,5.5e-05
440,12.743477,5.4e-05
450,12.836964,5.5e-05
460,14.767989,5.8e-05
470,17.611203,6.6e-05
480,17.570148,6.4e-05
490,16.637857,5.9e-05
500,17.04942,6.2e-05
<<<< 
>>>>  amr-file-hpctoolkit/pipe-7-04096/hpctoolkit-mpicth-database-723152/experiment.csv 
Function  , sum  , mean  , min  , max  
MPI_Allgather , 2.950387E9 , 180077.33154296875 , 11757.0 , 551275.0
MPI_Barrier , 3.68096253E12 , 2.3649276123046875E7 , 11272.0 , 2.43557E8
MPI_Barrier , 3.69604E11 , 9.02353515625E7 , 8.39783E7 , 1.09128E8
MPI_Bcast , 3.742395E9 , 228417.66357421875 , 17804.0 , 673772.0
MPI_Bcast , 2.23484E10 , 5456152.34375 , 10627.0 , 2.08892E7
MPI_Bcast , 6.89359E8 , 84150.2685546875 , 57906.0 , 159420.0
MPI_Finalize , 1.62642E9 , 397075.1953125 , 23214.0 , 742264.0
MPI_Recv , 5.01813732E11 , 2988124.8332698173 , 8972.0 , 2.04003E8
MPI_Reduce_scatter , 7.008648E9 , 342219.140625 , 11973.0 , 1038970.0
MPI_Send , 2.371700856E12 , 1.4846885366586538E7 , 10519.0 , 2.09836E8
MPI_Type_commit , 6.374401E9 , 97265.64025878906 , 10586.0 , 597844.0
amrini_ , 1.49992E12 , 3.6619140625E8 , 3.66141E8 , 3.6623E8
cth , 2.82411E13 , 6.8947998046875E9 , 6.89164E9 , 6.8994E9
pvspy_fil , 6.5149E11 , 1.5905517578125E8 , 1.54933E8 , 1.61116E8
pvspy_stb , 9.10947E8 , 222399.169921875 , 36252.0 , 607313.0
spy_file_out , 3.88833E11 , 9.4929931640625E7 , 8.9003E7 , 1.14211E8
<<<< 
>>>>  amr-file-hpctoolkit/pipe-7-04096/extracted_timings-e723152.csv 
%  amr-file-hpctoolkit/pipe-7-04096   amr-file-hpctoolkit/pipe-7-04096/extracted_timings-e723152.csv 
%
% Summary Statistics:
% operation,  mean,  min,  max, std
% -------------------------------------------------------------------
% CTH_TIMINGS       ,  123.06674282 ,  117.682814 ,  134.837401 ,  4.72940914526285 
% PVSPY_VIZ_TIMINGS ,  5.402e-05 ,  4.6e-05 ,  6.5e-05 ,  3.40162026219319e-06 
% -------------------------------------------------------------------
"cycle","cth","viz"
10,119.938481,5.5e-05
20,120.627764,5.8e-05
30,122.475394,5.5e-05
40,118.983068,5.2e-05
50,121.244007,5.5e-05
60,122.322671,5.4e-05
70,119.595293,5.8e-05
80,120.310431,5.1e-05
90,120.916295,5.8e-05
100,120.167969,5.5e-05
110,121.664201,5.3e-05
120,121.556145,5.5e-05
130,121.298802,5.4e-05
140,121.911013,5.9e-05
150,121.20043,5.5e-05
160,119.631111,5.6e-05
170,125.016023,5.1e-05
180,122.254075,5.3e-05
190,120.509064,5.6e-05
200,118.131113,5.8e-05
210,117.72539,5.6e-05
220,120.062839,4.8e-05
230,120.265372,5.4e-05
240,117.682814,5.5e-05
250,117.940384,4.6e-05
260,119.15315,5.3e-05
270,117.960709,5.4e-05
280,118.490597,6.5e-05
290,119.45655,5.3e-05
300,121.101705,5.6e-05
310,120.617666,5.5e-05
320,121.241825,5.2e-05
330,124.698705,5.6e-05
340,121.955961,5.4e-05
350,122.181191,4.7e-05
360,123.070253,5.7e-05
370,122.400722,5.7e-05
380,123.795821,5.3e-05
390,123.355349,5.7e-05
400,124.60956,5.4e-05
410,128.396654,5.2e-05
420,130.189817,5.5e-05
430,128.636528,5.6e-05
440,129.744542,5.1e-05
450,134.224572,5.5e-05
460,134.837401,5.3e-05
470,132.834021,4.9e-05
480,132.278258,4.9e-05
490,132.452187,5e-05
500,132.223248,4.8e-05
<<<< 
>>>>  amr-file-hpctoolkit/pipe-7-08192/hpctoolkit-mpicth-database-723151/experiment.csv 
Function  , sum  , mean  , min  , max  
MPI_Allgather , 6.332512E9 , 154602.34375 , 22416.0 , 419102.0
MPI_Barrier , 5.503092582E12 , 1.5994386457170758E7 , 10383.0 , 3.2853E8
MPI_Barrier , 9.98639E11 , 1.219041748046875E8 , 1.13212E8 , 1.48377E8
MPI_Bcast , 5.94551E9 , 181442.56591796875 , 8027.0 , 399410.0
MPI_Bcast , 6.89892E10 , 8421533.203125 , 9694.0 , 3.13202E7
MPI_Bcast , 2.538254E9 , 154922.7294921875 , 11991.0 , 803368.0
MPI_Finalize , 3.57027E9 , 435823.974609375 , 47543.0 , 793393.0
MPI_Recv , 5.97835743E11 , 1779951.1212604803 , 8044.0 , 8.95571E7
MPI_Reduce_scatter , 2.784057E10 , 485501.01143973216 , 11405.0 , 1663890.0
MPI_Send , 2.907442787E12 , 8253777.897324673 , 10386.0 , 1.15699E8
MPI_Type_commit , 9.136396E9 , 69705.16967773438 , 10311.0 , 430276.0
MPI_Type_commit , 7.57333E8 , 46223.93798828125 , 11834.0 , 216628.0
amrini_ , 1.92788E12 , 2.353369140625E8 , 2.35216E8 , 2.35369E8
cth , 3.3537E13 , 4.0938720703125E9 , 4.09192E9 , 4.10131E9
initvtkCoProcessorPython , 5.54907E8 , 67737.6708984375 , 204482.0 , 1.7436E7
pvspy_fil , 2.27786E12 , 2.7805908203125E8 , 2.67329E8 , 2.81088E8
pvspy_stb , 8.69287E8 , 106114.1357421875 , 11537.0 , 326114.0
spy_file_out , 1.02425E12 , 1.25030517578125E8 , 1.16905E8 , 1.51994E8
<<<< 
>>>>  amr-file-hpctoolkit/pipe-7-08192/extracted_timings-e723151.csv 
%  amr-file-hpctoolkit/pipe-7-08192   amr-file-hpctoolkit/pipe-7-08192/extracted_timings-e723151.csv 
%
% Summary Statistics:
% operation,  mean,  min,  max, std
% -------------------------------------------------------------------
% CTH_TIMINGS       ,  67.3978517 ,  63.633506 ,  77.522225 ,  4.31720044704803 
% PVSPY_VIZ_TIMINGS ,  6.972e-05 ,  5.5e-05 ,  0.000316 ,  4.06744366392255e-05 
% -------------------------------------------------------------------
"cycle","cth","viz"
10,64.942844,6.4e-05
20,64.414658,6.5e-05
30,65.189867,6.3e-05
40,63.910969,6.6e-05
50,64.34246,6.2e-05
60,65.631566,6.4e-05
70,64.987543,6.1e-05
80,64.797513,6.6e-05
90,64.929332,6.3e-05
100,65.063297,5.9e-05
110,64.252887,6.3e-05
120,64.592869,6.2e-05
130,65.210526,6e-05
140,64.553845,5.5e-05
150,65.031025,5.9e-05
160,64.75783,6.1e-05
170,67.74019,6.2e-05
180,66.069387,2e-04
190,64.374882,0.000316
200,64.6035,5.6e-05
210,64.566149,6.1e-05
220,65.406943,5.9e-05
230,66.418203,6.1e-05
240,63.633506,5.9e-05
250,64.529203,5.9e-05
260,64.869003,6e-05
270,64.9804,6.5e-05
280,63.975271,6.1e-05
290,64.980825,5.6e-05
300,65.241833,6.1e-05
310,64.642585,6.1e-05
320,65.446709,6.1e-05
330,65.566148,6e-05
340,65.076725,6.5e-05
350,64.755522,5.8e-05
360,64.899072,6e-05
370,65.430866,5.9e-05
380,68.876355,6.6e-05
390,72.988783,6.1e-05
400,74.038206,6.6e-05
410,75.202866,7e-05
420,73.704409,6.6e-05
430,72.711538,7e-05
440,74.943754,6.4e-05
450,77.522225,6e-05
460,74.192708,6.1e-05
470,74.283104,6e-05
480,76.597367,6.5e-05
490,75.640244,6.3e-05
500,75.375073,6.1e-05
<<<< 
>>>>  amr-file-hpctoolkit/pipe-7-16384/hpctoolkit-mpicth-database-718954/experiment.csv 
Function  , sum  , mean  , min  , max  
MPI_Allgather , 3.1186227E10 , 173041.47616299716 , 10544.0 , 1258290.0
MPI_Barrier , 1.0028475523E13 , 1.5302239262390137E7 , 11836.0 , 2.38172E8
MPI_Barrier , 4.55896E12 , 2.782568359375E8 , 2.59073E8 , 2.92725E8
MPI_Bcast , 1.697849E10 , 207256.9580078125 , 8086.0 , 989081.0
MPI_Bcast , 3.13981E11 , 1.916387939453125E7 , 8658.0 , 6.44294E7
MPI_Bcast , 4.917907E9 , 100055.07405598958 , 11987.0 , 419576.0
MPI_Finalize , 8.30645E9 , 506985.4736328125 , 105971.0 , 889614.0
MPI_Recv , 7.65104544E11 , 1111863.6997767857 , 8053.0 , 5.18722E7
MPI_Reduce_scatter , 1.15688437E11 , 1008723.1183733259 , 11945.0 , 3747020.0
MPI_Send , 3.853731462E12 , 5600311.950683594 , 8947.0 , 5.99018E7
MPI_Type_commit , 1.3282332E10 , 50668.07556152344 , 8498.0 , 334157.0
amrini_ , 2.94353E12 , 1.796588134765625E8 , 1.79623E8 , 1.79688E8
cth , 6.31464E13 , 3.854150390625E9 , 3.85187E9 , 3.88402E9
initvtkCoProcessorPython , 4.61034E9 , 281392.822265625 , 8503940.0 , 5.26239E7
pvspy_fil , 2.10502E13 , 1.28480224609375E9 , 1.28256E9 , 1.28632E9
pvspy_stb , 7.88498E8 , 48126.0986328125 , 8704.0 , 169984.0
real_initvtkCoProcessorPython(char const *) , 4.55922E9 , 278272.705078125 , 8503940.0 , 5.26239E7
spy_file_out , 4.59246E12 , 2.80301513671875E8 , 2.76574E8 , 2.94923E8
<<<< 
>>>>  amr-file-hpctoolkit/pipe-7-16384/extracted_timings-e718954.csv 
%  amr-file-hpctoolkit/pipe-7-16384   amr-file-hpctoolkit/pipe-7-16384/extracted_timings-e718954.csv 
%
% Summary Statistics:
% operation,  mean,  min,  max, std
% -------------------------------------------------------------------
% CTH_TIMINGS       ,  41.10280204 ,  37.757771 ,  48.357228 ,  3.15409588680944 
% PVSPY_VIZ_TIMINGS ,  4.724e-05 ,  4.2e-05 ,  5.5e-05 ,  2.72224397233201e-06 
% -------------------------------------------------------------------
"cycle","cth","viz"
10,38.091091,4.9e-05
20,39.572477,4.8e-05
30,39.197013,5e-05
40,39.77003,4.8e-05
50,39.544776,4.5e-05
60,39.079271,4.6e-05
70,39.418832,5.1e-05
80,38.626079,4.5e-05
90,39.763581,4.4e-05
100,38.439454,4.7e-05
110,39.479758,4.6e-05
120,38.840521,4.6e-05
130,39.110871,4.4e-05
140,39.845293,4.2e-05
150,38.604493,4.4e-05
160,39.273926,4.2e-05
170,42.064938,4.8e-05
180,38.902649,4.5e-05
190,41.416042,4.5e-05
200,37.757771,5.2e-05
210,39.285291,4.8e-05
220,40.196754,4.4e-05
230,40.225566,5e-05
240,38.073919,4.4e-05
250,39.192729,5e-05
260,39.194396,4.7e-05
270,38.386394,4.9e-05
280,39.190245,4.9e-05
290,45.101777,4.6e-05
300,38.207939,4.7e-05
310,39.312547,5e-05
320,38.098148,4.7e-05
330,39.740962,4.6e-05
340,39.086516,4.8e-05
350,38.247635,4.9e-05
360,39.3171,4.8e-05
370,41.325086,4.7e-05
380,45.832881,5.2e-05
390,44.669577,5.5e-05
400,44.491729,4.8e-05
410,46.333645,4.8e-05
420,44.359734,4.9e-05
430,43.803312,4.6e-05
440,44.954053,4.2e-05
450,48.357228,5.1e-05
460,47.953535,4.7e-05
470,45.28537,4.7e-05
480,46.29744,4.8e-05
490,47.874403,4.9e-05
500,45.945325,4.4e-05
<<<< 
>>>>  amr-file-hpctoolkit/pipe-7-16384/hpctoolkit-mpicth-database-719259/experiment.csv 
Function  , sum  , mean  , min  , max  
MPI_Allgather , 3.2899018E10 , 200799.67041015625 , 9034.0 , 1219000.0
MPI_Barrier , 1.2538707337E13 , 1.822147527349563E7 , 8407.0 , 2.50377E8
MPI_Barrier , 1.53157E13 , 9.34796142578125E8 , 8.93964E8 , 9.49186E8
MPI_Bcast , 1.4519936E10 , 177245.3125 , 8019.0 , 3322200.0
MPI_Bcast , 2.57471E11 , 1.571478271484375E7 , 8714.0 , 6.72293E7
MPI_Bcast , 3.66742E9 , 111920.7763671875 , 11147.0 , 419564.0
MPI_Finalize , 1.40318E10 , 856433.10546875 , 361693.0 , 1229360.0
MPI_Recv , 7.98012465E11 , 1014725.3227233887 , 8064.0 , 5.19175E7
MPI_Reduce_scatter , 1.23121608E11 , 834971.8424479166 , 11969.0 , 4727750.0
MPI_Send , 3.816400257E12 , 5417083.395314771 , 8965.0 , 7.19064E7
MPI_Type_commit , 9.858193E9 , 54699.66819069602 , 10298.0 , 370042.0
amrini_ , 2.94716E12 , 1.7988037109375E8 , 1.79823E8 , 1.79908E8
cth , 6.75518E13 , 4.12303466796875E9 , 4.11807E9 , 4.1468E9
initvtkCoProcessorPython , 3.44175E9 , 210067.7490234375 , 9639700.0 , 4.03679E7
pvspy_fil , 1.13468E13 , 6.925537109375E8 , 6.85044E8 , 6.93392E8
pvspy_stb , 8.16007E8 , 49805.11474609375 , 8645.0 , 163139.0
real_initvtkCoProcessorPython(char const *) , 3.44175E9 , 210067.7490234375 , 9639700.0 , 4.03679E7
spy_file_out , 1.53468E13 , 9.366943359375E8 , 9.32867E8 , 9.51215E8
<<<< 
>>>>  amr-file-hpctoolkit/pipe-7-16384/extracted_timings-e719259.csv 
%  amr-file-hpctoolkit/pipe-7-16384   amr-file-hpctoolkit/pipe-7-16384/extracted_timings-e719259.csv 
%
% Summary Statistics:
% operation,  mean,  min,  max, std
% -------------------------------------------------------------------
% CTH_TIMINGS       ,  45.20074402 ,  37.537765 ,  61.057873 ,  6.45629300270881 
% PVSPY_VIZ_TIMINGS ,  4.82e-05 ,  4.4e-05 ,  5.5e-05 ,  2.61080955464244e-06 
% -------------------------------------------------------------------
"cycle","cth","viz"
10,40.202466,5.3e-05
20,37.8465,4.7e-05
30,39.566612,4.6e-05
40,39.133329,5.1e-05
50,38.192289,5.3e-05
60,39.053129,4.9e-05
70,37.98957,4.7e-05
80,39.004473,4.8e-05
90,38.056283,4.8e-05
100,43.945823,4.7e-05
110,44.070378,4.9e-05
120,43.008823,4.6e-05
130,44.138538,4.7e-05
140,42.783874,4.7e-05
150,39.801568,4.9e-05
160,44.223947,4.7e-05
170,45.780055,4.9e-05
180,45.225265,4.5e-05
190,42.668819,4.4e-05
200,37.537765,4.9e-05
210,43.1431,4.8e-05
220,43.535911,5.1e-05
230,45.429185,4.6e-05
240,43.641967,5.2e-05
250,39.760696,5.1e-05
260,40.695457,5.1e-05
270,44.70001,4.5e-05
280,43.742879,4.6e-05
290,43.625594,4.9e-05
300,43.126146,4.6e-05
310,38.218023,4.4e-05
320,43.139229,4.5e-05
330,42.81409,4.8e-05
340,44.165362,4.8e-05
350,44.538977,5e-05
360,38.895537,4.9e-05
370,44.104198,5.2e-05
380,48.891499,5.3e-05
390,48.751696,4.8e-05
400,49.600829,4.5e-05
410,61.057873,4.8e-05
420,52.201621,5.5e-05
430,52.121952,4.7e-05
440,55.544488,4.9e-05
450,57.879495,4.9e-05
460,52.31511,4.4e-05
470,58.729851,4.5e-05
480,57.758124,5.1e-05
490,60.495133,4.7e-05
500,55.183663,4.7e-05
<<<< 
>>>>  amr-file-hpctoolkit/pipe-7-32768/extracted_timings-e719260.csv 
%  amr-file-hpctoolkit/pipe-7-32768   amr-file-hpctoolkit/pipe-7-32768/extracted_timings-e719260.csv 
%
% Summary Statistics:
% operation,  mean,  min,  max, std
% -------------------------------------------------------------------
% CTH_TIMINGS       ,  24.38003248 ,  22.072534 ,  29.845232 ,  1.79055786758125 
% PVSPY_VIZ_TIMINGS ,  6.372e-05 ,  5.9e-05 ,  7.2e-05 ,  3.47022318872891e-06 
% -------------------------------------------------------------------
"cycle","cth","viz"
10,23.837002,6e-05
20,24.255177,6.7e-05
30,24.223037,5.9e-05
40,23.848561,5.9e-05
50,23.104621,6.5e-05
60,24.303779,6.1e-05
70,23.941213,6.6e-05
80,23.341042,6.4e-05
90,22.528501,6.6e-05
100,22.776016,5.9e-05
110,22.976333,7.1e-05
120,23.882545,6.6e-05
130,24.58721,6.5e-05
140,23.501517,6.2e-05
150,23.482571,6.7e-05
160,24.142344,6.1e-05
170,25.205315,6.3e-05
180,25.064189,6.3e-05
190,22.761799,6.3e-05
200,24.026371,6e-05
210,23.215569,6.5e-05
220,24.924622,6.4e-05
230,24.179821,6.1e-05
240,23.734565,6.1e-05
250,23.864146,6.2e-05
260,23.431981,6.4e-05
270,23.537219,6e-05
280,22.072534,6.1e-05
290,22.347755,6.3e-05
300,23.525276,6.2e-05
310,22.798422,6.2e-05
320,24.034615,6.4e-05
330,23.150769,5.9e-05
340,23.259252,6.3e-05
350,23.277112,6.1e-05
360,24.359094,6e-05
370,23.249891,6.2e-05
380,23.395447,6.2e-05
390,22.738928,6.3e-05
400,23.539257,5.9e-05
410,28.109416,6.6e-05
420,28.72561,6.6e-05
430,25.346424,6.8e-05
440,26.614002,6.5e-05
450,29.845232,6.4e-05
460,27.292392,7e-05
470,25.886227,7.2e-05
480,26.168237,7.1e-05
490,28.602343,6.8e-05
500,27.986323,7.1e-05
<<<< 
>>>>  amr-file-hpctoolkit/pipe-7-32768/hpctoolkit-mpicth-database-719260/experiment.csv 
Function  , sum  , mean  , min  , max  
MPI_Allgather , 1.1320371E11 , 287891.9219970703 , 9295.0 , 2697600.0
MPI_Barrier , 1.371176069E13 , 9510221.092917703 , 8010.0 , 1.41706E8
MPI_Barrier , 1.10242E13 , 3.36431884765625E8 , 3.25588E8 , 3.48172E8
MPI_Bcast , 5.826533E10 , 127008.34001813616 , 8016.0 , 1510740.0
MPI_Bcast , 9.80256E11 , 2.99150390625E7 , 8616.0 , 9.67483E7
MPI_Bcast , 4.800858E10 , 73255.27954101562 , 8781.0 , 455587.0
MPI_Finalize , 2.1155E10 , 645599.365234375 , 167479.0 , 1095880.0
MPI_Isend , 1.02108E9 , 31160.888671875 , 9401.0 , 227430.0
MPI_Recv , 3.92836E9 , 59942.0166015625 , 8198.0 , 1019280.0
MPI_Recv , 9.5840184E11 , 573492.2162224265 , 8083.0 , 3.77891E7
MPI_Reduce_scatter , 4.2424361E11 , 1438543.0569118923 , 23980.0 , 7179800.0
MPI_Send , 4.94963264E12 , 3873097.455929487 , 10215.0 , 3.80477E7
MPI_Type_commit , 5.68512E9 , 57832.03125 , 10667.0 , 274946.0
amrini_ , 5.12908E12 , 1.56527099609375E8 , 1.56321E8 , 1.56555E8
cth , 1.00382E14 , 3.06341552734375E9 , 3.06088E9 , 3.08763E9
initvtkCoProcessorPython , 1.39495E10 , 425704.9560546875 , 2447510.0 , 7.69749E7
pvspy_fil , 4.28447E13 , 1.3075164794921875E9 , 1.30669E9 , 1.30826E9
pvspy_stb , 1.23592E9 , 37717.28515625 , 8129.0 , 126950.0
real_initvtkCoProcessorPython(char const *) , 1.39495E10 , 425704.9560546875 , 2447510.0 , 7.69749E7
spy_file_out , 1.1078E13 , 3.3807373046875E8 , 3.2851E8 , 3.49957E8
<<<< 
>>>>  amr-file-hpctoolkit/pipe-7-65536/extracted_timings-e719261.csv 
%  amr-file-hpctoolkit/pipe-7-65536   amr-file-hpctoolkit/pipe-7-65536/extracted_timings-e719261.csv 
%
% Summary Statistics:
% operation,  mean,  min,  max, std
% -------------------------------------------------------------------
% CTH_TIMINGS       ,  17.95897692 ,  13.299949 ,  24.692998 ,  2.49311951833551 
% PVSPY_VIZ_TIMINGS ,  5.49e-05 ,  4.7e-05 ,  0.000178 ,  1.79173271512494e-05 
% -------------------------------------------------------------------
"cycle","cth","viz"
10,19.336525,5.6e-05
20,19.956376,5.2e-05
30,17.820739,5e-05
40,13.492511,5.4e-05
50,14.899458,5.6e-05
60,18.587234,5.9e-05
70,16.416249,5.5e-05
80,19.316096,5.1e-05
90,17.966928,5.4e-05
100,19.823202,5.1e-05
110,21.122341,5e-05
120,17.587368,5.4e-05
130,18.934334,5.3e-05
140,16.294543,5.1e-05
150,13.507851,0.000178
160,16.875251,5.2e-05
170,24.692998,5.5e-05
180,17.813139,5.2e-05
190,22.738235,5.1e-05
200,19.52527,5.1e-05
210,16.498455,5e-05
220,16.37492,5.3e-05
230,15.051696,5.4e-05
240,15.875673,5.2e-05
250,18.783248,5.7e-05
260,20.143068,5.1e-05
270,17.258914,5.4e-05
280,15.983371,5.5e-05
290,21.906431,5.4e-05
300,20.815661,5.2e-05
310,14.653236,5.2e-05
320,13.299949,5.3e-05
330,15.669742,5e-05
340,17.71562,5.2e-05
350,19.03302,4.7e-05
360,20.261798,5.2e-05
370,16.496108,5.4e-05
380,18.788733,5.1e-05
390,19.880016,5.3e-05
400,14.310272,5.1e-05
410,15.630219,5.3e-05
420,20.958635,5.2e-05
430,18.021398,5.3e-05
440,18.254577,5.2e-05
450,20.638889,4.8e-05
460,20.119679,5.1e-05
470,18.857559,5.1e-05
480,18.272865,5.6e-05
490,14.380449,4.8e-05
500,17.307997,4.9e-05
<<<< 
>>>>  amr-file-hpctoolkit/pipe-7-65536/hpctoolkit-mpicth-database-719261/experiment.csv 
Function  , sum  , mean  , min  , max  
MPI_Allgather , 1.9255489E11 , 367269.3061828613 , 10176.0 , 1345170.0
MPI_Barrier , 2.85438982E13 , 1.1167828760391627E7 , 10236.0 , 1.3836E8
MPI_Barrier , 3.41554E13 , 5.211700439453125E8 , 5.00075E8 , 5.3329E8
MPI_Bcast , 1.4110696E11 , 269140.1672363281 , 8012.0 , 1688560.0
MPI_Bcast , 3.47852E12 , 5.30780029296875E7 , 8130.0 , 2.05673E8
MPI_Bcast , 7.983946E10 , 203042.24650065103 , 8101.0 , 687154.0
MPI_Comm_free , 5.31722E9 , 81134.33837890625 , 11973.0 , 730261.0
MPI_Finalize , 5.28657E10 , 806666.5649414062 , 251424.0 , 1329110.0
MPI_Isend , 1.013731E10 , 51561.02498372396 , 9493.0 , 430988.0
MPI_Recv , 1.194037E10 , 91097.79357910156 , 8903.0 , 2022580.0
MPI_Recv , 1.22812531E12 , 585615.7827377319 , 8064.0 , 3.71662E7
MPI_Reduce_scatter , 2.25024032E12 , 5722657.063802083 , 23319.0 , 1.69809E7
MPI_Send , 6.64066621E12 , 2738608.781969225 , 9295.0 , 3.81023E7
MPI_Type_commit , 4.06013E9 , 61952.667236328125 , 11651.0 , 239842.0
amrini_ , 1.18813E13 , 1.8129425048828125E8 , 1.80979E8 , 1.81324E8
cth , 2.78856E14 , 4.2550048828125E9 , 4.25058E9 , 4.30987E9
initvtkCoProcessorPython , 5.27001E10 , 804139.7094726562 , 2.88798E7 , 1.5302E8
pvspy_fil , 1.7141E14 , 2.615509033203125E9 , 2.61099E9 , 2.61761E9
real_initvtkCoProcessorPython(char const *) , 5.26452E10 , 803302.001953125 , 2.88798E7 , 1.5302E8
spy_file_out , 3.42417E13 , 5.2248687744140625E8 , 5.01862E8 , 5.34539E8
<<<< 
