>>>>  amr_in-situ-opt/pipe-5-01024/extracted_timings-e653628.csv 
%  ./pipe-5-01024   ./pipe-5-01024/extracted_timings-e653628.csv 
%
% Summary Statistics:
% operation,  mean,  min,  max, std
% -------------------------------------------------------------------
% CTH_TIMINGS       ,  90.33432676 ,  11.442097 ,  276.024288 ,  67.2746928209223 
% PVSPY_VIZ_TIMINGS ,  1.29922816 ,  0.897015 ,  1.953687 ,  0.286271337428882 
% -------------------------------------------------------------------
"cycle","cth","viz"
10,276.024288,1.57107
20,73.323943,1.65668
30,99.317524,0.955059
40,11.442097,1.392124
50,101.330243,1.370742
60,15.636138,1.204638
70,102.822879,1.015289
80,97.87695,1.361111
90,13.961948,1.007923
100,94.204586,1.289342
110,14.651852,1.953687
120,96.200546,0.960479
130,19.194537,1.244729
140,101.996289,0.922593
150,12.040111,1.072323
160,103.968601,1.344155
170,22.854512,0.90415
180,108.20001,0.927383
190,147.594862,1.40257
200,174.481888,0.925628
210,191.183778,1.512675
220,21.696319,0.925334
230,109.845766,1.228199
240,104.686763,1.217319
250,21.909299,1.88743
260,112.335015,1.191395
270,252.46052,1.347217
280,24.026472,1.468015
290,191.833408,1.390156
300,14.042429,0.897015
310,99.532144,1.529213
320,98.402123,1.252533
330,104.898035,0.958053
340,126.584106,1.520014
350,192.656437,0.936851
360,14.156249,0.984729
370,102.790031,1.542848
380,25.214421,1.460924
390,17.863485,1.532422
400,23.743535,1.654905
410,187.56274,1.494452
420,24.709094,1.474486
430,106.099173,1.788187
440,104.024782,1.426499
450,102.838448,1.555828
460,21.352259,0.899324
470,107.106012,0.95034
480,200.851787,1.29094
490,18.946973,1.496652
500,106.240931,1.665778
<<<< 
>>>>  amr_in-situ-opt/pipe-5-01024/extracted_timings-e657049.csv 
%  ./pipe-5-01024   ./pipe-5-01024/extracted_timings-e657049.csv 
%
% Summary Statistics:
% operation,  mean,  min,  max, std
% -------------------------------------------------------------------
% CTH_TIMINGS       ,  13.005789 ,  11.458939 ,  14.198097 ,  0.922424579961784 
% PVSPY_VIZ_TIMINGS ,  0.93372446 ,  0.879369 ,  1.038864 ,  0.0374388922859692 
% -------------------------------------------------------------------
"cycle","cth","viz"
10,11.458939,0.981004
20,11.489188,0.968683
30,11.566996,0.966104
40,11.510061,1.038864
50,11.731494,1.02663
60,11.776633,0.910126
70,12.321606,0.911825
80,11.904096,1.024013
90,11.666994,0.934646
100,11.785936,0.925831
110,11.916197,0.912689
120,11.894383,0.913631
130,11.839423,0.913743
140,11.917698,0.919336
150,12.072529,0.924034
160,12.384115,0.971417
170,12.30367,0.896876
180,12.547265,0.91496
190,12.596257,0.915684
200,12.772423,0.917975
210,13.116706,0.895705
220,13.12743,0.89115
230,13.014546,0.904697
240,13.162197,0.892101
250,13.184188,0.879369
260,13.498758,0.906458
270,13.818684,0.907358
280,13.456377,0.904147
290,13.487555,0.916719
300,13.967602,0.94923
310,13.652962,0.945373
320,13.970955,0.973427
330,14.148326,0.955644
340,13.907199,0.964344
350,13.773667,0.947338
360,14.176131,0.951194
370,14.079783,0.926304
380,13.619339,0.893637
390,13.563953,0.918834
400,13.635916,0.908965
410,13.594777,0.911188
420,13.830085,1.020215
430,13.636842,0.967605
440,13.936533,0.926545
450,13.713589,0.91032
460,13.650184,0.8954
470,13.880795,0.960896
480,14.198097,0.928622
490,14.010283,0.918991
500,14.020088,0.926376
<<<< 
>>>>  amr_in-situ-opt/pipe-5-00512/extracted_timings-e653655.csv 
%  ./pipe-5-00512   ./pipe-5-00512/extracted_timings-e653655.csv 
%
% Summary Statistics:
% operation,  mean,  min,  max, std
% -------------------------------------------------------------------
% CTH_TIMINGS       ,  40.48495106 ,  25.295377 ,  69.783654 ,  9.54598307899877 
% PVSPY_VIZ_TIMINGS ,  2.01585268 ,  1.42767 ,  3.424388 ,  0.421882726677007 
% -------------------------------------------------------------------
"cycle","cth","viz"
10,25.865162,2.220489
20,39.739859,2.115934
30,37.671655,2.05787
40,34.104843,2.413471
50,30.641247,2.288777
60,33.347031,3.143314
70,39.803198,2.170119
80,32.437237,2.739292
90,25.748547,1.49623
100,25.295377,1.972588
110,36.470339,1.42767
120,31.098065,2.233532
130,27.884527,2.073637
140,36.831752,2.069931
150,34.740146,2.138587
160,36.610344,3.424388
170,39.938042,1.428137
180,32.651639,1.501432
190,34.886297,2.302552
200,41.032543,1.850777
210,49.735133,1.480675
220,52.365864,1.459367
230,42.318537,2.158885
240,40.77168,2.008173
250,35.240296,1.530475
260,41.365682,1.92883
270,69.783654,1.956134
280,55.975277,1.794352
290,43.631517,1.963081
300,53.003086,1.895595
310,45.018779,1.615341
320,61.900773,2.248785
330,46.926364,2.19634
340,45.357656,2.381691
350,46.303818,1.546475
360,67.466473,1.983649
370,37.568685,1.535166
380,31.451689,1.497213
390,41.252351,1.677246
400,38.218042,2.171629
410,37.475077,1.42857
420,35.950411,2.079177
430,34.854035,2.054787
440,41.594149,2.319437
450,46.004702,1.846374
460,34.185461,1.65778
470,39.685774,2.379887
480,46.306945,2.517014
490,39.748872,2.196073
500,45.988921,2.215706
<<<< 
>>>>  amr_in-situ-opt/pipe-5-00512/extracted_timings-e657048.csv 
%  ./pipe-5-00512   ./pipe-5-00512/extracted_timings-e657048.csv 
%
% Summary Statistics:
% operation,  mean,  min,  max, std
% -------------------------------------------------------------------
% CTH_TIMINGS       ,  22.95540656 ,  20.056695 ,  29.289448 ,  2.69645877209369 
% PVSPY_VIZ_TIMINGS ,  1.4710515 ,  1.376774 ,  1.789754 ,  0.110672516939134 
% -------------------------------------------------------------------
"cycle","cth","viz"
10,20.056695,1.499501
20,20.101428,1.495724
30,20.174548,1.480206
40,20.084219,1.78956
50,20.176046,1.774592
60,20.274161,1.541014
70,21.122846,1.494245
80,20.562174,1.417945
90,20.221398,1.438634
100,20.3602,1.432928
110,20.366567,1.44357
120,20.423929,1.446747
130,20.393916,1.436756
140,20.552071,1.435158
150,20.745958,1.441876
160,21.143842,1.407031
170,21.242689,1.40692
180,21.521405,1.426154
190,21.680965,1.410323
200,22.09703,1.391793
210,22.155844,1.413249
220,22.362227,1.396831
230,22.568004,1.43627
240,22.787532,1.386748
250,22.877956,1.41464
260,22.925413,1.412384
270,23.274339,1.404244
280,22.819963,1.415258
290,22.807717,1.404547
300,23.667955,1.418531
310,23.140159,1.409856
320,23.314283,1.406604
330,23.40741,1.418741
340,23.323453,1.435196
350,23.123367,1.415293
360,23.771356,1.396393
370,23.560572,1.400782
380,23.329296,1.403718
390,23.288998,1.376774
400,23.458712,1.409482
410,23.627613,1.406013
420,23.840893,1.407925
430,23.57194,1.400824
440,28.106424,1.789754
450,28.346226,1.736893
460,28.30257,1.660617
470,28.993412,1.672207
480,29.289448,1.579456
490,29.208471,1.562701
500,29.216688,1.549967
<<<< 
>>>>  amr_in-situ-opt/pipe-5-00256/extracted_timings-e653654.csv 
%  ./pipe-5-00256   ./pipe-5-00256/extracted_timings-e653654.csv 
%
% Summary Statistics:
% operation,  mean,  min,  max, std
% -------------------------------------------------------------------
% CTH_TIMINGS       ,  42.55283906 ,  37.226087 ,  48.699143 ,  3.97843852744579 
% PVSPY_VIZ_TIMINGS ,  2.57658554 ,  2.156144 ,  5.745427 ,  0.580915638810298 
% -------------------------------------------------------------------
"cycle","cth","viz"
10,37.253105,2.436372
20,37.226087,2.190648
30,37.289558,2.181221
40,37.277171,2.323631
50,37.260706,2.19451
60,37.329789,2.194154
70,38.639782,2.519975
80,37.892943,2.199543
90,37.357037,2.456013
100,37.585698,2.262545
110,37.662376,2.156144
120,37.792191,2.164714
130,37.720795,2.224291
140,37.809114,2.835171
150,38.219947,2.560751
160,38.66986,2.192148
170,38.689745,2.417353
180,39.292685,2.16051
190,39.535233,2.172853
200,42.994355,2.425319
210,45.090567,3.879329
220,44.665042,2.291426
230,44.367094,2.396614
240,44.635359,2.303665
250,45.032543,3.10988
260,45.388489,2.326648
270,45.508607,2.285977
280,44.521256,2.299869
290,44.683216,2.340066
300,45.655751,2.370084
310,44.221057,5.745427
320,44.584689,2.792203
330,44.886718,2.343372
340,43.976196,2.348007
350,43.818067,2.400522
360,44.075702,2.385363
370,43.367732,2.345323
380,42.878357,2.414081
390,42.775385,2.375292
400,43.02609,2.46302
410,44.330981,3.073805
420,47.524257,3.057569
430,47.250469,2.90299
440,48.040639,3.02111
450,47.793791,2.891053
460,47.757426,3.003165
470,48.35601,3.159328
480,48.699143,2.843368
490,48.577784,2.957009
500,48.655359,2.435846
<<<< 
>>>>  amr_in-situ-opt/pipe-5-00256/extracted_timings-e657047.csv 
%  ./pipe-5-00256   ./pipe-5-00256/extracted_timings-e657047.csv 
%
% Summary Statistics:
% operation,  mean,  min,  max, std
% -------------------------------------------------------------------
% CTH_TIMINGS       ,  42.324794 ,  37.317969 ,  48.368126 ,  3.78811888269252 
% PVSPY_VIZ_TIMINGS ,  2.37720144 ,  2.162597 ,  3.802747 ,  0.307621704723424 
% -------------------------------------------------------------------
"cycle","cth","viz"
10,37.317969,2.211232
20,37.402265,2.198522
30,37.467178,2.183628
40,37.380339,2.208003
50,37.392953,2.181446
60,37.537021,2.195341
70,38.719253,2.179779
80,38.05779,2.171054
90,37.564146,2.191354
100,37.663755,2.162806
110,37.703495,2.183213
120,37.733526,2.184109
130,37.720918,2.162597
140,37.85163,2.186413
150,38.089732,2.172116
160,38.679891,2.174119
170,38.632206,2.183001
180,39.080264,2.173067
190,39.361463,2.162791
200,42.427988,2.3277
210,44.50508,2.305775
220,44.058521,2.316366
230,43.793075,2.305441
240,44.116165,2.3309
250,44.421176,2.316124
260,44.870898,2.30923
270,44.988256,2.309741
280,44.068612,2.297069
290,44.287455,2.294862
300,45.299288,2.323969
310,43.817772,2.308048
320,44.207298,2.341658
330,44.537397,2.364462
340,43.668244,2.354931
350,43.472083,2.337815
360,43.757753,2.355906
370,43.057262,2.307112
380,42.577956,2.301229
390,42.439848,2.30727
400,42.601099,2.321736
410,43.985729,3.065099
420,47.272813,2.893996
430,46.912288,2.882577
440,47.766764,2.897549
450,47.493813,2.916226
460,47.432937,2.844169
470,48.027551,3.802747
480,48.349049,2.544959
490,48.30161,2.413904
500,48.368126,2.396911
<<<< 
>>>>  amr_in-situ-opt/pipe-5-00128/extracted_timings-e653653.csv 
%  ./pipe-5-00128   ./pipe-5-00128/extracted_timings-e653653.csv 
%
% Summary Statistics:
% operation,  mean,  min,  max, std
% -------------------------------------------------------------------
% CTH_TIMINGS       ,  136.63080256 ,  75.470235 ,  311.228454 ,  64.6160881564474 
% PVSPY_VIZ_TIMINGS ,  3.60541974 ,  3.280697 ,  6.803671 ,  0.611985922012043 
% -------------------------------------------------------------------
"cycle","cth","viz"
10,311.228454,3.501219
20,236.856201,3.5016
30,234.03363,3.546118
40,242.454293,3.877849
50,239.936104,3.528027
60,232.687574,3.472728
70,213.083043,3.492379
80,230.405665,3.352846
90,210.615285,3.333386
100,208.790577,3.319929
110,219.901244,3.533462
120,204.787384,3.351403
130,197.826294,3.32766
140,175.950229,3.44256
150,173.50578,3.34625
160,153.847883,3.357667
170,147.0172,3.286147
180,144.190909,3.280697
190,143.112547,3.832137
200,153.97302,3.377145
210,157.83692,3.440665
220,158.094533,3.381551
230,144.274517,3.490684
240,121.282689,3.456855
250,92.092582,5.540611
260,75.839299,3.621268
270,76.568456,3.38354
280,75.993578,4.786939
290,75.910743,3.359724
300,78.479694,3.65615
310,76.323881,3.425869
320,95.447212,3.432775
330,115.200205,3.485546
340,137.493637,3.449677
350,96.008641,3.464467
360,84.274994,3.480164
370,76.398812,3.350192
380,75.816336,4.445917
390,75.470235,3.418305
400,75.985728,6.803671
410,80.083902,3.32359
420,81.548398,3.292837
430,75.92308,3.404439
440,77.301277,4.096042
450,77.897438,3.290814
460,78.27102,3.291272
470,79.150814,3.308011
480,80.219287,3.330471
490,80.189498,3.542391
500,81.959406,3.455341
<<<< 
>>>>  amr_in-situ-opt/pipe-5-00128/extracted_timings-e657046.csv 
%  ./pipe-5-00128   ./pipe-5-00128/extracted_timings-e657046.csv 
%
% Summary Statistics:
% operation,  mean,  min,  max, std
% -------------------------------------------------------------------
% CTH_TIMINGS       ,  74.71641476 ,  70.821119 ,  80.509012 ,  2.88125508076418 
% PVSPY_VIZ_TIMINGS ,  3.35973474 ,  3.257396 ,  3.54336 ,  0.0681513192187616 
% -------------------------------------------------------------------
"cycle","cth","viz"
10,70.821119,3.54336
20,71.011241,3.511776
30,71.111197,3.481116
40,71.0219,3.521606
50,71.096004,3.517112
60,71.210367,3.510501
70,73.028616,3.446889
80,71.985922,3.349864
90,71.068357,3.351303
100,71.208657,3.304851
110,71.222162,3.311809
120,71.251417,3.345157
130,71.22652,3.326709
140,71.346055,3.335686
150,71.597592,3.34276
160,72.274008,3.301976
170,72.018238,3.325045
180,72.342048,3.322802
190,72.544754,3.317903
200,73.397197,3.351036
210,74.241828,3.390924
220,74.369012,3.360408
230,74.297103,3.37459
240,74.593393,3.369822
250,75.154415,3.360594
260,75.94016,3.368638
270,76.58188,3.349245
280,75.793127,3.357707
290,75.973315,3.348144
300,77.888334,3.358296
310,76.419917,3.389893
320,76.961812,3.359053
330,77.113363,3.349627
340,76.964208,3.359953
350,76.496782,3.37119
360,77.300376,3.354241
370,76.637255,3.352619
380,76.037582,3.374377
390,75.674066,3.346965
400,76.191016,3.387803
410,76.250937,3.320204
420,76.349349,3.288285
430,75.982697,3.306618
440,77.44942,3.312813
450,77.986052,3.307718
460,78.21835,3.272328
470,79.231738,3.273532
480,80.254599,3.278571
490,80.176269,3.265922
500,80.509012,3.257396
<<<< 
>>>>  amr_in-situ-opt/pipe-6-01024/extracted_timings-e653656.csv 
%  ./pipe-6-01024   ./pipe-6-01024/extracted_timings-e653656.csv 
%
% Summary Statistics:
% operation,  mean,  min,  max, std
% -------------------------------------------------------------------
% CTH_TIMINGS       ,  87.18827332 ,  67.253061 ,  97.107594 ,  8.11580543571057 
% PVSPY_VIZ_TIMINGS ,  6.74421652 ,  5.620738 ,  12.584187 ,  1.10906228248067 
% -------------------------------------------------------------------
"cycle","cth","viz"
10,83.025278,6.349738
20,81.581677,7.200036
30,93.058441,6.708458
40,90.621636,7.077345
50,71.161291,7.222915
60,88.213303,6.743933
70,92.075499,6.289894
80,79.679364,5.937453
90,81.60159,7.298626
100,93.752646,5.903434
110,91.721397,7.116695
120,69.924684,6.788163
130,89.371419,5.776563
140,95.584903,6.691454
150,80.938736,5.71715
160,79.948997,7.3419
170,93.144425,5.817416
180,89.499936,7.599125
190,69.915246,7.040679
200,90.861538,5.836014
210,91.674118,6.786282
220,83.269996,6.799961
230,67.253061,8.593408
240,80.609138,6.824794
250,94.357767,6.980533
260,91.276712,6.890895
270,73.406493,5.620738
280,92.733784,6.991036
290,89.843522,7.250793
300,85.357372,5.649051
310,82.11273,5.64633
320,92.727618,6.574878
330,91.650119,12.584187
340,73.077866,6.807872
350,93.100834,6.254696
360,96.518163,5.652342
370,83.128129,5.699799
380,86.335016,6.91724
390,92.717917,6.856001
400,96.416322,5.648314
410,78.667082,6.950873
420,94.268838,8.685389
430,90.779745,6.862018
440,81.571016,5.657126
450,96.243536,6.429171
460,92.15035,6.893858
470,91.971428,5.76218
480,97.107594,7.432735
490,96.564246,7.0919
500,96.841148,5.959435
<<<< 
>>>>  amr_in-situ-opt/pipe-6-01024/extracted_timings-e657050.csv 
%  ./pipe-6-01024   ./pipe-6-01024/extracted_timings-e657050.csv 
%
% Summary Statistics:
% operation,  mean,  min,  max, std
% -------------------------------------------------------------------
% CTH_TIMINGS       ,  68.95206998 ,  66.669044 ,  80.693803 ,  2.97713402361833 
% PVSPY_VIZ_TIMINGS ,  5.70506482 ,  5.642116 ,  5.9917 ,  0.0709056131529768 
% -------------------------------------------------------------------
"cycle","cth","viz"
10,66.755696,5.716711
20,66.686919,5.726252
30,66.785611,5.717726
40,66.669044,5.723429
50,66.704544,5.731539
60,66.761259,5.725579
70,66.764704,5.735972
80,66.771134,5.717099
90,66.863297,5.72562
100,66.7445,5.710627
110,66.738373,5.714279
120,66.858342,5.710844
130,66.904903,5.720362
140,69.475003,5.642116
150,67.427777,5.653422
160,66.789872,5.679701
170,66.796023,5.669674
180,66.975693,5.699795
190,66.756565,5.707805
200,66.778773,5.678902
210,66.977954,5.701096
220,66.850213,5.679891
230,67.031084,5.644528
240,67.963288,5.643894
250,67.992392,5.650099
260,68.241543,5.689036
270,68.067301,5.668984
280,67.97594,5.658569
290,68.750416,5.647667
300,68.68766,5.649849
310,69.164495,5.650144
320,69.116737,5.693398
330,69.935059,5.678445
340,68.919942,5.654995
350,69.503151,5.659995
360,69.425965,5.706811
370,68.946397,5.711101
380,69.705134,5.657834
390,70.476871,5.690864
400,69.87153,5.682906
410,70.952189,5.695842
420,70.308098,5.701941
430,69.775661,5.681671
440,71.048628,5.655074
450,71.64074,5.697126
460,71.699691,5.648631
470,75.874985,5.786274
480,80.693803,5.913802
490,76.516502,5.95362
500,76.482098,5.9917
<<<< 
>>>>  amr_in-situ-opt/pipe-6-02048/extracted_timings-e653658.csv 
%  ./pipe-6-02048   ./pipe-6-02048/extracted_timings-e653658.csv 
%
% Summary Statistics:
% operation,  mean,  min,  max, std
% -------------------------------------------------------------------
% CTH_TIMINGS       ,  38.2388631 ,  35.967754 ,  49.124587 ,  2.80605905263525 
% PVSPY_VIZ_TIMINGS ,  3.8423159 ,  3.756569 ,  4.129963 ,  0.0762141123940325 
% -------------------------------------------------------------------
"cycle","cth","viz"
10,36.12428,3.846111
20,36.143344,3.826206
30,36.231625,3.83984
40,36.101788,3.852048
50,36.269856,3.818031
60,36.403151,3.849609
70,36.435942,3.811512
80,36.390886,3.819717
90,36.428794,3.841137
100,36.324348,3.847319
110,36.334809,3.846597
120,36.492184,3.868269
130,36.379684,3.817224
140,37.915811,3.819653
150,36.38251,3.814454
160,36.131362,3.814629
170,35.967754,3.80352
180,36.113884,3.809767
190,36.066101,3.803733
200,36.074954,3.788575
210,36.197506,3.791927
220,36.129887,3.809217
230,36.298604,3.756569
240,37.047655,3.806962
250,37.010153,3.898868
260,37.176326,3.796094
270,37.316762,3.815334
280,37.207415,3.784012
290,38.047378,3.800447
300,38.522135,3.792762
310,38.601689,3.818214
320,38.444052,3.773446
330,39.209747,3.771468
340,38.916991,3.820298
350,39.352882,3.819216
360,39.35562,3.803096
370,39.218303,3.803504
380,39.625427,3.846228
390,39.875865,3.86395
400,39.702387,3.860434
410,40.100134,3.839993
420,39.547707,3.891709
430,39.25964,3.814869
440,39.472991,3.82648
450,39.473106,3.819649
460,39.519133,3.885602
470,42.996433,3.937121
480,49.124587,4.093411
490,46.186284,4.107001
500,46.293289,4.129963
<<<< 
>>>>  amr_in-situ-opt/pipe-6-02048/extracted_timings-e657051.csv 
%  ./pipe-6-02048   ./pipe-6-02048/extracted_timings-e657051.csv 
%
% Summary Statistics:
% operation,  mean,  min,  max, std
% -------------------------------------------------------------------
% CTH_TIMINGS       ,  38.07222808 ,  35.756637 ,  48.82321 ,  2.81672053745016 
% PVSPY_VIZ_TIMINGS ,  3.94581762 ,  3.815507 ,  4.207413 ,  0.0784622216608395 
% -------------------------------------------------------------------
"cycle","cth","viz"
10,35.837822,4.014309
20,35.921064,3.96133
30,35.981761,3.971242
40,35.953562,3.926162
50,36.104669,3.930312
60,36.171787,3.955746
70,36.071259,3.957782
80,36.065198,3.932327
90,36.328173,3.959232
100,36.177418,3.940881
110,36.210931,3.924456
120,36.187781,4.009102
130,36.136965,3.975668
140,37.780839,3.917375
150,36.233002,3.917253
160,35.911502,3.931086
170,35.818782,3.94592
180,35.951351,3.966794
190,35.756637,3.900162
200,35.853526,3.842767
210,35.967476,3.825687
220,35.932777,3.943241
230,35.990928,3.896947
240,36.769826,3.890824
250,36.856509,3.965162
260,36.969906,3.944411
270,37.072161,3.948245
280,37.140313,3.951946
290,37.688855,3.942357
300,38.218308,3.826606
310,38.344932,3.933945
320,38.291541,3.877332
330,39.067651,3.850592
340,38.892716,3.975249
350,39.384421,3.903243
360,39.411315,3.830156
370,39.222027,3.870414
380,39.658512,3.929677
390,39.841845,3.968344
400,39.383581,3.971237
410,40.012829,3.815507
420,39.474029,3.985833
430,39.172111,3.92771
440,39.565387,3.943309
450,39.595844,3.956305
460,39.654392,3.97241
470,43.015473,3.991891
480,48.82321,4.164845
490,45.76847,4.207413
500,45.97003,4.200137
<<<< 
>>>>  amr_in-situ-opt/pipe-6-04096/extracted_timings-e653660.csv 
%  ./pipe-6-04096   ./pipe-6-04096/extracted_timings-e653660.csv 
%
% Summary Statistics:
% operation,  mean,  min,  max, std
% -------------------------------------------------------------------
% CTH_TIMINGS       ,  21.08147848 ,  19.966443 ,  22.687055 ,  0.782158738447252 
% PVSPY_VIZ_TIMINGS ,  2.79767908 ,  2.693078 ,  3.565719 ,  0.130864852527696 
% -------------------------------------------------------------------
"cycle","cth","viz"
10,20.10055,2.989734
20,20.096682,2.859179
30,20.655765,2.862314
40,20.396234,3.565719
50,20.491076,2.858062
60,20.600389,2.838791
70,20.529436,2.817028
80,20.786682,2.827005
90,20.745004,2.857494
100,20.621536,2.834167
110,21.030969,2.826206
120,20.61846,2.854332
130,20.618721,2.833531
140,21.800684,2.702439
150,20.262398,2.723016
160,19.966443,2.738126
170,20.117369,2.728089
180,20.097299,2.693078
190,20.04095,2.736013
200,20.505469,2.736903
210,20.236459,2.740723
220,20.117348,2.746765
230,20.205022,2.710543
240,20.746966,2.702898
250,20.520614,2.724779
260,20.486167,2.710961
270,20.727567,2.741771
280,20.593894,2.705392
290,21.397117,2.720216
300,21.347435,2.739569
310,21.304495,2.704839
320,21.137202,2.741393
330,21.737615,2.728222
340,21.40925,2.729663
350,21.699604,2.733402
360,22.032272,2.768863
370,21.546653,2.747925
380,22.237587,2.72799
390,22.427684,2.725882
400,21.855107,2.732488
410,22.171778,2.859676
420,21.853218,2.872572
430,21.537709,2.808777
440,21.688538,2.83507
450,21.732437,2.934614
460,22.254771,2.821335
470,22.679603,2.916426
480,22.687055,2.829769
490,21.801867,2.766627
500,21.818774,2.773578
<<<< 
>>>>  amr_in-situ-opt/pipe-6-04096/extracted_timings-e657052.csv 
%  ./pipe-6-04096   ./pipe-6-04096/extracted_timings-e657052.csv 
%
% Summary Statistics:
% operation,  mean,  min,  max, std
% -------------------------------------------------------------------
% CTH_TIMINGS       ,  20.90712456 ,  19.842992 ,  22.646632 ,  0.716163770331276 
% PVSPY_VIZ_TIMINGS ,  2.77256072 ,  2.693908 ,  2.898004 ,  0.0594178058315718 
% -------------------------------------------------------------------
"cycle","cth","viz"
10,19.842992,2.824015
20,20.068309,2.825492
30,20.429828,2.843871
40,20.358652,2.824616
50,20.446194,2.848696
60,20.732561,2.840563
70,20.52127,2.898004
80,20.598149,2.849383
90,20.675379,2.85735
100,20.58441,2.854268
110,20.534707,2.847723
120,20.573856,2.866353
130,20.781544,2.858604
140,21.61022,2.745454
150,20.185441,2.73255
160,20.072062,2.730638
170,19.88595,2.746285
180,19.990266,2.726021
190,20.054729,2.72258
200,19.988251,2.730318
210,20.133614,2.715976
220,20.187197,2.721943
230,20.148021,2.704588
240,20.605416,2.718268
250,20.514973,2.718797
260,20.636714,2.71836
270,20.446159,2.713337
280,20.367982,2.712708
290,20.853049,2.70231
300,20.982194,2.745564
310,20.988169,2.709733
320,20.942969,2.712774
330,21.284975,2.739284
340,21.105907,2.719384
350,21.445838,2.705462
360,21.450049,2.727548
370,21.249766,2.734286
380,21.701953,2.759693
390,22.022383,2.693908
400,21.658494,2.72897
410,22.107676,2.81318
420,21.620868,2.828884
430,21.351807,2.8226
440,21.645172,2.821499
450,21.679266,2.78563
460,21.780945,2.838217
470,22.646632,2.845586
480,22.510821,2.778265
490,21.658271,2.734704
500,21.694178,2.783794
<<<< 
>>>>  amr_in-situ-opt/pipe-6-08192/extracted_timings-e653661.csv 
%  ./pipe-6-08192   ./pipe-6-08192/extracted_timings-e653661.csv 
%
% Summary Statistics:
% operation,  mean,  min,  max, std
% -------------------------------------------------------------------
% CTH_TIMINGS       ,  12.84295544 ,  11.95521 ,  17.816368 ,  1.36112268977863 
% PVSPY_VIZ_TIMINGS ,  1.90119728 ,  1.831992 ,  2.19375 ,  0.0683579630170353 
% -------------------------------------------------------------------
"cycle","cth","viz"
10,11.996831,1.86738
20,12.39892,1.915427
30,12.16608,2.022952
40,12.183325,2.052231
50,12.156839,1.881294
60,12.284138,1.911922
70,12.495264,1.891549
80,12.254044,1.90481
90,12.390831,1.95674
100,12.298893,1.885823
110,12.293866,1.906885
120,12.351156,2.079711
130,12.282899,1.879754
140,13.284494,1.899421
150,12.238919,1.881638
160,12.030375,1.842856
170,11.970167,1.892886
180,12.369258,1.857551
190,11.95521,1.896349
200,12.018886,1.856631
210,12.115262,1.865265
220,12.140825,1.855524
230,12.331533,1.853187
240,12.423037,1.899496
250,12.296132,1.863541
260,12.331617,1.868672
270,12.385393,1.885382
280,12.527444,1.884005
290,12.525237,1.858801
300,12.556345,1.852036
310,12.508109,1.844907
320,12.367739,1.872136
330,12.620594,2.060847
340,12.408618,1.855306
350,12.582335,1.859095
360,12.761208,1.831992
370,12.475412,1.866766
380,12.682713,1.887499
390,13.224823,1.863534
400,12.684962,1.885273
410,13.034029,1.871274
420,12.659287,1.881223
430,12.409911,1.887133
440,13.12223,1.87331
450,12.938093,1.879857
460,13.709093,2.19375
470,17.750377,1.914104
480,17.816368,1.938279
490,16.702212,1.941045
500,16.636439,1.882815
<<<< 
>>>>  amr_in-situ-opt/pipe-6-08192/extracted_timings-e657053.csv 
%  ./pipe-6-08192   ./pipe-6-08192/extracted_timings-e657053.csv 
%
% Summary Statistics:
% operation,  mean,  min,  max, std
% -------------------------------------------------------------------
% CTH_TIMINGS       ,  12.95260946 ,  11.719585 ,  17.883523 ,  1.48002877674682 
% PVSPY_VIZ_TIMINGS ,  1.90036342 ,  1.840578 ,  2.057083 ,  0.0415560261923783 
% -------------------------------------------------------------------
"cycle","cth","viz"
10,11.719585,1.892879
20,11.804609,1.924582
30,12.301985,1.903607
40,11.909019,1.88182
50,12.986624,1.907413
60,15.845213,2.057083
70,15.17257,1.967675
80,12.555455,1.924427
90,12.266962,1.886558
100,12.208701,1.89641
110,12.256713,1.87998
120,12.277677,1.908163
130,12.554598,1.925932
140,12.885511,1.915198
150,12.263345,1.859549
160,11.937338,1.873507
170,11.78494,1.87424
180,11.886381,1.852528
190,12.547685,1.883853
200,12.058256,1.889273
210,12.168945,1.880245
220,12.108812,1.867264
230,12.089527,1.882974
240,12.602626,1.843938
250,12.098373,1.905691
260,12.193521,1.904968
270,12.326617,1.857225
280,12.257218,1.895822
290,12.875188,1.840578
300,12.589252,1.85137
310,12.665794,1.898184
320,12.352486,1.872582
330,12.756917,1.935626
340,12.62966,1.86461
350,12.656106,1.86164
360,12.464057,1.895386
370,12.439989,1.884402
380,12.631701,1.897915
390,12.90899,1.991155
400,12.58348,1.878116
410,13.036074,1.893217
420,12.823098,1.885937
430,12.433587,1.893155
440,12.867678,1.893365
450,13.119433,1.873703
460,13.639511,1.995921
470,17.66883,1.956379
480,17.883523,1.963386
490,16.892156,1.950949
500,16.644157,1.897791
<<<< 
>>>>  amr_in-situ-opt/pipe-7-04096/extracted_timings-e653662.csv 
%  ./pipe-7-04096   ./pipe-7-04096/extracted_timings-e653662.csv 
%
% Summary Statistics:
% operation,  mean,  min,  max, std
% -------------------------------------------------------------------
% CTH_TIMINGS       ,  120.89341416 ,  116.344892 ,  132.217421 ,  4.58680528444004 
% PVSPY_VIZ_TIMINGS ,  25.06010844 ,  24.319902 ,  25.734477 ,  0.330245960232559 
% -------------------------------------------------------------------
"cycle","cth","viz"
10,116.344892,25.432173
20,116.699777,25.734477
30,117.847313,25.478357
40,117.164447,25.541787
50,118.439549,25.532175
60,118.605378,25.457725
70,117.755648,25.364092
80,117.97197,25.462013
90,117.873253,25.518935
100,118.263684,25.327319
110,118.335943,25.551753
120,118.316077,25.570876
130,117.955723,25.33881
140,118.747718,25.223195
150,118.018113,25.217035
160,117.480245,25.363919
170,122.212504,24.912301
180,120.313076,24.922174
190,117.433119,24.88888
200,117.760968,24.858316
210,117.89743,25.130131
220,119.768501,24.852801
230,120.768823,24.933766
240,117.740747,25.030007
250,117.861801,25.016521
260,117.88765,25.191612
270,118.874489,25.090564
280,118.265846,24.999562
290,117.951719,25.018227
300,118.852429,25.08517
310,118.605072,25.006278
320,118.509019,25.045388
330,119.415053,24.859978
340,119.521343,24.962355
350,119.312843,25.057484
360,120.102981,25.142822
370,120.845512,25.065279
380,121.412243,25.025118
390,121.062193,24.929317
400,122.892684,24.949098
410,126.229483,24.461511
420,126.674156,24.319902
430,126.152454,24.558554
440,127.694824,24.460876
450,132.164002,24.50016
460,132.217421,24.66422
470,130.631945,24.69675
480,130.498594,24.747966
490,130.644061,24.813181
500,130.675993,24.694512
<<<< 
>>>>  amr_in-situ-opt/pipe-7-04096/extracted_timings-e657054.csv 
%  ./pipe-7-04096   ./pipe-7-04096/extracted_timings-e657054.csv 
%
% Summary Statistics:
% operation,  mean,  min,  max, std
% -------------------------------------------------------------------
% CTH_TIMINGS       ,  120.01631948 ,  115.64712 ,  131.684902 ,  4.63699393270233 
% PVSPY_VIZ_TIMINGS ,  25.0372703 ,  24.360527 ,  25.678935 ,  0.339480611097771 
% -------------------------------------------------------------------
"cycle","cth","viz"
10,115.64712,25.678935
20,116.079333,25.559381
30,117.689147,25.397916
40,116.886622,25.40334
50,117.950896,25.476858
60,118.656704,25.471257
70,116.768181,25.525493
80,117.126275,25.316847
90,117.339882,25.533023
100,117.299746,25.491468
110,117.242222,25.540771
120,117.486788,25.456113
130,117.314823,25.470207
140,117.924981,25.35863
150,117.063148,25.371779
160,116.966149,25.313387
170,121.366073,24.935944
180,119.370432,25.011052
190,116.655364,24.9558
200,116.684606,24.858359
210,116.986467,24.995111
220,119.278077,24.928214
230,119.895171,24.981525
240,116.651197,24.865195
250,116.659913,25.116581
260,116.971861,24.737766
270,117.147677,24.889313
280,117.064048,24.815163
290,117.083254,24.975408
300,117.266115,24.89168
310,117.424698,24.860576
320,117.472053,24.876936
330,118.116781,24.886855
340,118.252245,24.93788
350,118.496997,24.88677
360,118.715896,24.995291
370,119.527753,25.05416
380,120.437297,24.876076
390,119.872685,25.133427
400,121.487451,24.986924
410,125.68477,24.410732
420,126.271624,24.360527
430,125.343882,24.393097
440,127.117612,24.483012
450,131.684902,24.545213
460,131.346869,24.813791
470,129.530002,24.753656
480,129.595221,24.823405
490,129.799679,24.625275
500,130.115285,24.837396
<<<< 
>>>>  amr_in-situ-opt/pipe-7-08192/extracted_timings-e653663.csv 
%  ./pipe-7-08192   ./pipe-7-08192/extracted_timings-e653663.csv 
%
% Summary Statistics:
% operation,  mean,  min,  max, std
% -------------------------------------------------------------------
% CTH_TIMINGS       ,  67.48212928 ,  64.075481 ,  77.571879 ,  4.31102934714108 
% PVSPY_VIZ_TIMINGS ,  18.78621386 ,  17.881178 ,  19.908111 ,  0.396802439533318 
% -------------------------------------------------------------------
"cycle","cth","viz"
10,64.075481,18.624608
20,64.282401,18.543389
30,64.762432,18.561952
40,64.562267,18.586083
50,65.11668,18.531186
60,65.522653,18.647936
70,64.385865,18.657797
80,64.686243,18.62138
90,64.764967,18.720745
100,64.555307,18.607589
110,64.584609,18.578301
120,64.855954,18.682245
130,65.008841,18.641767
140,65.290931,18.651707
150,64.848163,18.617617
160,65.174171,18.648577
170,67.322371,19.038751
180,65.804864,18.768004
190,64.301935,18.719286
200,64.4276,18.782169
210,64.604108,18.80114
220,66.748629,18.52043
230,66.579053,18.624177
240,64.387178,18.62006
250,64.343003,18.511833
260,64.419953,18.545082
270,65.294048,18.518303
280,64.624039,18.568106
290,64.833277,18.421123
300,65.268581,18.566572
310,64.875115,18.543046
320,65.061016,18.543992
330,65.426621,18.522285
340,65.181663,18.552312
350,65.196151,18.574278
360,65.44155,18.598804
370,66.021894,18.583484
380,69.44974,18.985574
390,73.574895,19.162036
400,74.725392,19.469889
410,75.143016,19.887376
420,73.346806,19.814043
430,72.447866,19.908111
440,74.761127,17.881178
450,77.571879,19.218026
460,74.732375,19.26929
470,75.313185,19.324916
480,76.338394,19.089642
490,74.873126,19.056724
500,75.189049,19.397772
<<<< 
>>>>  amr_in-situ-opt/pipe-7-08192/extracted_timings-e657055.csv 
%  ./pipe-7-08192   ./pipe-7-08192/extracted_timings-e657055.csv 
%
% Summary Statistics:
% operation,  mean,  min,  max, std
% -------------------------------------------------------------------
% CTH_TIMINGS       ,  67.24246282 ,  63.702041 ,  77.061791 ,  4.26987761502276 
% PVSPY_VIZ_TIMINGS ,  18.79351732 ,  17.915906 ,  20.293883 ,  0.416133414366135 
% -------------------------------------------------------------------
"cycle","cth","viz"
10,63.702041,18.621697
20,63.982621,18.599103
30,64.667315,18.545461
40,64.216798,18.560669
50,64.382183,18.593928
60,65.373619,18.611956
70,64.087373,18.739921
80,64.090689,18.692767
90,65.636302,18.854568
100,64.449679,18.601246
110,64.567012,18.611003
120,64.682973,18.632492
130,64.458587,18.593547
140,65.049525,18.672771
150,64.52188,18.660858
160,64.312248,18.744021
170,67.670307,18.713955
180,65.617834,18.718803
190,64.162769,18.84216
200,63.860761,18.753672
210,66.31085,18.734074
220,65.958323,18.361521
230,66.456166,18.504197
240,64.088016,18.500038
250,64.289905,18.500597
260,64.121878,18.529144
270,64.433754,18.516304
280,64.325532,18.547604
290,64.785119,18.571999
300,64.475027,18.624582
310,64.550876,18.535156
320,64.704231,18.668476
330,66.288314,18.591915
340,65.33084,18.469542
350,64.940067,18.652608
360,65.089304,18.597877
370,65.73746,18.560978
380,68.999683,19.115149
390,72.80461,19.079127
400,73.968547,19.338621
410,74.525119,19.8501
420,73.03507,19.84179
430,71.931142,20.293883
440,75.66801,17.915906
450,77.061791,19.305285
460,74.296364,19.294714
470,74.914785,19.330933
480,76.154485,19.129258
490,74.497293,19.050956
500,74.888064,19.298934
<<<< 
>>>>  amr_in-situ-opt/pipe-7-16384/extracted_timings-e653664.csv 
%  ./pipe-7-16384   ./pipe-7-16384/extracted_timings-e653664.csv 
%
% Summary Statistics:
% operation,  mean,  min,  max, std
% -------------------------------------------------------------------
% CTH_TIMINGS       ,  39.8545442 ,  37.528944 ,  46.977095 ,  2.89190411015567 
% PVSPY_VIZ_TIMINGS ,  14.88698248 ,  14.610588 ,  16.214344 ,  0.389494792450385 
% -------------------------------------------------------------------
"cycle","cth","viz"
10,37.575714,14.851838
20,37.558832,14.725388
30,38.237881,14.739079
40,37.937765,14.709153
50,38.417308,14.741775
60,39.111464,14.661217
70,37.855134,14.631437
80,38.119776,14.708292
90,38.28018,14.66809
100,38.097339,14.681748
110,38.17974,14.734176
120,38.560252,14.622862
130,38.220871,14.688706
140,38.852751,14.650223
150,38.151426,14.680197
160,37.974328,14.65001
170,39.866975,14.737861
180,38.65833,14.69144
190,37.528944,14.675214
200,37.800552,14.855774
210,37.978558,14.781585
220,38.975148,14.610588
230,39.456282,14.723065
240,38.009233,14.624928
250,37.639443,14.613156
260,37.589391,14.648981
270,37.816088,14.622507
280,37.731627,14.654416
290,37.746815,14.705317
300,37.977977,14.694375
310,37.946162,14.668578
320,37.928661,14.792931
330,37.968801,14.718698
340,38.192051,14.761547
350,37.871449,14.615929
360,37.970505,14.723468
370,41.157536,16.203453
380,43.16699,16.214344
390,43.81459,15.158815
400,43.437932,15.208687
410,45.549855,14.831878
420,43.139211,14.999313
430,42.282579,14.95432
440,44.121712,15.982474
450,46.977095,15.148679
460,45.67971,15.138379
470,44.474572,15.376673
480,44.322018,15.560212
490,45.809163,15.209928
500,45.010494,15.29742
<<<< 
>>>>  amr_in-situ-opt/pipe-7-16384/extracted_timings-e657056.csv 
%  ./pipe-7-16384   ./pipe-7-16384/extracted_timings-e657056.csv 
%
% Summary Statistics:
% operation,  mean,  min,  max, std
% -------------------------------------------------------------------
% CTH_TIMINGS       ,  40.2690222 ,  37.154349 ,  48.701433 ,  3.26899475406584 
% PVSPY_VIZ_TIMINGS ,  14.9293957 ,  14.590861 ,  16.104734 ,  0.358695229502778 
% -------------------------------------------------------------------
"cycle","cth","viz"
10,37.430974,14.756523
20,37.493843,14.770198
30,38.075424,14.898457
40,41.216132,15.000861
50,39.296332,14.837174
60,38.549152,14.772131
70,37.978116,14.7474
80,38.576899,14.694478
90,38.856012,14.882223
100,38.180387,14.770114
110,38.34107,14.823489
120,38.621067,14.668802
130,38.132714,14.723365
140,38.719523,14.782783
150,38.620144,14.756545
160,38.121315,14.756377
170,42.187319,14.84482
180,38.799673,14.776717
190,37.216123,14.735873
200,37.154349,14.687358
210,37.325718,14.821604
220,38.559769,14.590861
230,45.295654,14.922513
240,37.904493,14.709141
250,37.609978,14.622789
260,37.51417,14.614106
270,38.059983,14.71696
280,37.688643,14.683823
290,37.667646,14.593343
300,38.125549,14.684202
310,37.888411,14.812416
320,37.873678,14.729556
330,38.27425,14.749136
340,37.854245,14.685137
350,37.813062,14.723306
360,40.831429,14.626422
370,40.556873,16.02111
380,42.973281,16.104734
390,43.641964,15.059394
400,43.488676,14.960926
410,47.924079,15.343533
420,44.534004,15.067631
430,42.668324,15.018527
440,44.059743,15.89718
450,48.701433,15.199331
460,46.079657,15.23812
470,45.14122,15.421807
480,44.599679,15.541841
490,45.803264,15.184685
500,45.425667,15.439963
<<<< 
>>>>  amr_in-situ-opt/pipe-7-32768/extracted_timings-e653665.csv 
%  ./pipe-7-32768   ./pipe-7-32768/extracted_timings-e653665.csv 
%
% Summary Statistics:
% operation,  mean,  min,  max, std
% -------------------------------------------------------------------
% CTH_TIMINGS       ,  23.8410753 ,  22.466944 ,  29.515751 ,  1.81548566478979 
% PVSPY_VIZ_TIMINGS ,  12.6156036 ,  12.280321 ,  13.083359 ,  0.146898143781912 
% -------------------------------------------------------------------
"cycle","cth","viz"
10,23.036042,12.604513
20,23.273031,12.587311
30,23.236959,12.664957
40,22.809008,12.650269
50,22.820498,12.412978
60,23.317289,12.6959
70,22.699826,12.694194
80,22.724426,12.667645
90,22.846001,12.595661
100,22.593276,12.536888
110,22.786005,12.581278
120,22.848919,12.634785
130,22.7848,12.594264
140,23.133414,12.560441
150,23.465092,12.720492
160,22.692714,12.643091
170,25.618224,12.5702
180,23.630118,12.621474
190,22.926382,12.652511
200,22.594424,12.582194
210,22.866695,12.569826
220,23.86792,12.52667
230,24.122312,12.611619
240,22.985779,12.468038
250,22.62239,12.517223
260,22.479851,12.592019
270,22.707865,12.623139
280,22.466944,12.620501
290,22.565231,12.547754
300,22.754337,12.590288
310,22.550736,12.753532
320,22.636233,12.564562
330,22.698013,13.083359
340,22.661186,12.561342
350,22.766701,12.595358
360,22.987831,12.461095
370,22.873348,12.652609
380,23.707441,12.574883
390,23.172529,12.509309
400,23.77903,12.738341
410,27.806934,12.630222
420,27.370647,12.472467
430,25.020674,12.304371
440,25.848901,12.280321
450,29.515751,12.74232
460,27.93882,13.070214
470,26.074726,12.89845
480,26.05842,12.889294
490,27.918572,12.559859
500,27.3915,12.500149
<<<< 
>>>>  amr_in-situ-opt/pipe-7-32768/extracted_timings-e657057.csv 
%  ./pipe-7-32768   ./pipe-7-32768/extracted_timings-e657057.csv 
%
% Summary Statistics:
% operation,  mean,  min,  max, std
% -------------------------------------------------------------------
% CTH_TIMINGS       ,  22.87526966 ,  21.595043 ,  28.140456 ,  1.64716471065255 
% PVSPY_VIZ_TIMINGS ,  16.20398728 ,  12.425603 ,  103.307908 ,  17.6323513474535 
% -------------------------------------------------------------------
"cycle","cth","viz"
10,21.616375,12.588633
20,21.614207,12.635099
30,22.185248,12.561938
40,21.68576,12.599354
50,22.409677,12.550734
60,22.311948,12.544883
70,21.973356,12.479434
80,21.883062,12.639242
90,22.370385,12.504938
100,21.889889,12.498846
110,22.190155,12.555156
120,22.009224,12.530412
130,21.938411,12.628972
140,22.244677,12.631825
150,21.999668,103.307908
160,21.917174,15.357179
170,23.918984,12.606283
180,22.800754,12.503694
190,22.049073,12.579681
200,21.790334,12.554736
210,21.923976,12.677435
220,22.86108,12.55777
230,22.829001,12.624863
240,22.018224,12.591833
250,21.595043,12.59911
260,21.968948,12.558656
270,21.760283,12.481465
280,22.102134,12.50929
290,21.654403,12.602511
300,22.36773,12.562264
310,21.735572,12.538973
320,22.025107,12.467493
330,21.911148,12.513116
340,21.847023,12.650445
350,21.88086,12.637708
360,21.95263,12.601135
370,22.159921,12.475242
380,22.6005,12.52223
390,22.615329,100.049628
400,22.693493,12.528445
410,26.355382,12.787333
420,26.017677,12.482452
430,23.947026,12.425603
440,24.546759,12.434872
450,28.140456,12.695395
460,26.67002,12.983833
470,24.829248,12.84406
480,24.812738,12.861081
490,26.638029,12.478408
500,26.505382,12.597768
<<<< 
>>>>  amr_in-situ-opt/failed/pipe-7-65536/extracted_timings-e657042.csv 
%  ./failed/pipe-7-65536   ./failed/pipe-7-65536/extracted_timings-e657042.csv 
%
% Summary Statistics:
% operation,  mean,  min,  max, std
% -------------------------------------------------------------------
% CTH_TIMINGS       ,  13.8752361176471 ,  13.415736 ,  15.602763 ,  0.526897145434581 
% PVSPY_VIZ_TIMINGS ,  9.45267694117647 ,  0.004367 ,  10.13619 ,  2.43535297761101 
% -------------------------------------------------------------------
"cycle","cth","viz"
10,13.868635,10.041503
20,14.234588,10.041438
30,14.012795,10.003813
40,13.892555,9.945881
50,14.279933,9.980762
60,14.105205,9.998066
70,13.415736,10.114072
80,13.999508,10.034493
90,13.565082,10.038893
100,13.484766,9.981912
110,13.503847,10.121373
120,13.55631,10.073616
130,13.528455,10.032148
140,13.773722,10.102278
150,13.579043,10.044703
160,13.476071,10.13619
170,15.602763,0.004367
<<<< 
>>>>  amr_in-situ-opt/failed/pipe-7-65536/extracted_timings-e663172.csv 
%  ./failed/pipe-7-65536   ./failed/pipe-7-65536/extracted_timings-e663172.csv 
%
% Summary Statistics:
% operation,  mean,  min,  max, std
% -------------------------------------------------------------------
% CTH_TIMINGS       ,  28.6899873529412 ,  13.020267 ,  43.163754 ,  12.7263606204431 
% PVSPY_VIZ_TIMINGS ,  9.56382917647059 ,  0.003975 ,  10.767033 ,  2.4770010608525 
% -------------------------------------------------------------------
"cycle","cth","viz"
10,13.028639,9.87348
20,13.374444,9.926282
30,13.611886,9.92817
40,13.134024,10.437888
50,37.485588,10.542972
60,40.656866,10.445457
70,40.444852,10.064066
80,41.371588,10.256577
90,41.764879,10.060901
100,13.020267,9.916255
110,13.087193,9.901107
120,36.397525,10.042419
130,26.36111,10.242079
140,25.183227,10.767033
150,35.668934,10.177255
160,39.975009,9.99918
170,43.163754,0.003975
<<<< 
