>>>>  amr_in-situ-unopt/pipe-5-00128/extracted_timings-e635311.csv 
%  ./pipe-5-00128   ./pipe-5-00128/extracted_timings-e635311.csv 
%
% Summary Statistics:
% operation,  mean,  min,  max, std
% -------------------------------------------------------------------
% CTH_TIMINGS       ,  75.4958754 ,  71.213649 ,  81.523772 ,  3.0196803081574 
% PVSPY_VIZ_TIMINGS ,  3.47765242 ,  3.288374 ,  4.5546 ,  0.192528421473361 
% -------------------------------------------------------------------
"cycle","cth","viz"
10,71.213649,3.681203
20,71.752183,3.682603
30,71.305851,3.676928
40,72.051681,3.696142
50,72.135827,3.825858
60,71.293426,3.675991
70,73.289437,3.61003
80,72.231468,3.508432
90,72.15639,3.516095
100,71.651882,3.501307
110,71.690734,3.514063
120,71.951749,3.503732
130,71.675618,3.485029
140,71.805773,3.468537
150,72.264859,3.478754
160,73.755262,3.46465
170,72.532525,3.452245
180,73.660182,3.477431
190,73.411985,4.5546
200,74.049064,3.441107
210,74.925575,3.444021
220,75.117123,3.436245
230,74.936176,3.437211
240,75.344483,3.428679
250,75.908035,3.417798
260,76.712416,3.419029
270,77.484243,3.424904
280,76.649701,3.399815
290,76.863011,3.410186
300,78.751949,3.402887
310,77.257386,3.392706
320,78.849025,3.41957
330,77.94245,3.41223
340,77.863321,3.436356
350,77.372521,3.414684
360,78.210074,3.411794
370,77.530948,3.418289
380,76.821428,3.401289
390,76.527071,3.404979
400,76.88619,3.423979
410,77.026393,3.394415
420,77.099756,3.338568
430,76.549567,3.370958
440,78.152625,3.344638
450,78.804013,3.335091
460,79.170953,3.310608
470,80.238219,3.299699
480,81.25261,3.297434
490,81.143191,3.331448
500,81.523772,3.288374
<<<< 
>>>>  amr_in-situ-unopt/pipe-5-00256/extracted_timings-e630855.csv 
%  ./pipe-5-00256   ./pipe-5-00256/extracted_timings-e630855.csv 
%
% Summary Statistics:
% operation,  mean,  min,  max, std
% -------------------------------------------------------------------
% CTH_TIMINGS       ,  42.46598592 ,  37.383375 ,  48.596209 ,  3.8569466083498 
% PVSPY_VIZ_TIMINGS ,  2.62042462 ,  2.405383 ,  3.371488 ,  0.240669015026514 
% -------------------------------------------------------------------
"cycle","cth","viz"
10,37.383375,2.449801
20,37.475368,2.448687
30,37.515688,2.472419
40,37.393533,2.454696
50,37.432526,2.450627
60,37.5692,2.444857
70,38.711363,2.448389
80,38.105194,2.429343
90,37.588582,2.437352
100,37.754021,2.443017
110,37.699906,2.425995
120,37.802701,2.525085
130,37.723929,2.438307
140,37.890035,2.449344
150,38.177878,2.433783
160,38.689618,2.405383
170,38.671611,2.449963
180,39.158719,2.419708
190,39.404525,2.429414
200,42.707482,2.627578
210,44.847697,2.61803
220,44.537137,2.609923
230,44.165687,2.600595
240,44.537608,2.580377
250,44.875537,2.574071
260,45.234778,2.575812
270,45.302321,2.570752
280,44.217132,2.598283
290,44.458052,2.573209
300,45.508314,2.613393
310,43.888722,2.56177
320,44.405022,2.552784
330,44.654501,2.592336
340,43.697061,2.571618
350,43.407459,2.566737
360,43.873086,2.587541
370,43.126513,2.564818
380,42.746319,2.569576
390,42.550119,2.570168
400,42.814225,2.558336
410,44.300609,3.371488
420,47.348878,3.173883
430,47.055349,3.182524
440,47.941348,3.157982
450,47.597261,3.173419
460,47.609345,3.094437
470,48.207006,3.008105
480,48.596209,2.829734
490,48.490505,2.666509
500,48.450242,2.669273
<<<< 
>>>>  amr_in-situ-unopt/pipe-5-00512/extracted_timings-e630856.csv 
%  ./pipe-5-00512   ./pipe-5-00512/extracted_timings-e630856.csv 
%
% Summary Statistics:
% operation,  mean,  min,  max, std
% -------------------------------------------------------------------
% CTH_TIMINGS       ,  23.20254358 ,  20.14392 ,  29.394344 ,  2.62184576924368 
% PVSPY_VIZ_TIMINGS ,  1.93528568 ,  1.786033 ,  3.509793 ,  0.258338135461752 
% -------------------------------------------------------------------
"cycle","cth","viz"
10,20.23178,1.951332
20,20.274467,1.988279
30,20.430927,1.9154
40,20.14392,2.233303
50,20.632788,2.299544
60,20.526196,1.977404
70,21.295973,1.928997
80,21.070124,1.873229
90,20.511686,1.86539
100,20.645776,1.896539
110,20.431526,1.883387
120,20.648023,1.898012
130,20.528782,1.878331
140,20.607304,1.880118
150,21.124056,1.871211
160,21.509822,1.84906
170,21.368606,1.839788
180,22.608008,1.847241
190,22.030869,1.869751
200,22.279804,1.818913
210,22.347285,1.814413
220,23.829715,1.817301
230,22.986889,1.818998
240,23.139535,1.82573
250,23.263051,1.825268
260,23.139302,1.814174
270,24.063158,1.808106
280,23.711754,1.835534
290,23.205342,1.825877
300,23.873494,1.819922
310,24.31892,3.509793
320,23.423295,1.793473
330,23.484974,1.825358
340,23.408081,1.786033
350,23.180756,1.829449
360,23.888968,1.8297
370,23.5479,1.832175
380,23.365475,1.82197
390,23.213035,1.805784
400,23.471734,1.835892
410,23.568604,1.853096
420,23.758069,1.810868
430,23.59919,1.828378
440,28.006172,2.176445
450,28.18964,2.169075
460,28.066069,2.112099
470,29.043494,2.133143
480,29.38765,2.05757
490,29.350847,1.998795
500,29.394344,1.984636
<<<< 
>>>>  amr_in-situ-unopt/pipe-5-01024/extracted_timings-e630857.csv 
%  ./pipe-5-01024   ./pipe-5-01024/extracted_timings-e630857.csv 
%
% Summary Statistics:
% operation,  mean,  min,  max, std
% -------------------------------------------------------------------
% CTH_TIMINGS       ,  13.17545586 ,  11.629257 ,  15.269472 ,  0.933559836888906 
% PVSPY_VIZ_TIMINGS ,  1.59514816 ,  1.502569 ,  2.548644 ,  0.151225843303287 
% -------------------------------------------------------------------
"cycle","cth","viz"
10,11.683218,1.65403
20,12.205729,1.632143
30,11.629257,1.646463
40,12.2254,1.726942
50,11.731949,1.723057
60,12.125142,1.582717
70,12.348817,1.558051
80,12.065233,1.688509
90,11.658956,1.556231
100,11.864071,1.574995
110,13.079996,1.759724
120,11.930561,1.538217
130,11.940589,1.580021
140,11.887375,1.562244
150,12.064372,1.706063
160,12.707073,1.579566
170,12.222636,1.557462
180,12.766382,1.562783
190,12.55323,1.540009
200,12.919371,1.581795
210,13.217565,1.526138
220,13.143573,1.547967
230,13.040559,1.521893
240,13.200946,1.691765
250,13.548163,1.532951
260,13.603885,1.538355
270,15.269472,1.533043
280,13.445368,1.537541
290,13.999175,1.536548
300,14.040152,1.534564
310,14.131593,1.567104
320,13.998771,1.573544
330,14.181381,1.535129
340,14.102682,1.510343
350,13.878203,1.584943
360,14.229238,1.534874
370,13.916013,1.5341
380,13.652921,1.533767
390,13.520551,1.536849
400,13.630293,1.609362
410,13.715887,1.527363
420,13.780533,1.535318
430,13.635522,1.522416
440,13.982217,1.502569
450,13.726803,1.560754
460,13.571013,1.516604
470,13.851454,1.639305
480,14.437329,1.536452
490,14.055288,2.548644
500,14.656886,1.536181
<<<< 
>>>>  amr_in-situ-unopt/pipe-6-01024/extracted_timings-e630845.csv 
%  ./pipe-6-01024   ./pipe-6-01024/extracted_timings-e630845.csv 
%
% Summary Statistics:
% operation,  mean,  min,  max, std
% -------------------------------------------------------------------
% CTH_TIMINGS       ,  68.689053 ,  66.043874 ,  81.45469 ,  3.3550750897857 
% PVSPY_VIZ_TIMINGS ,  9.74998874 ,  8.745124 ,  10.604455 ,  0.289906234637593 
% -------------------------------------------------------------------
"cycle","cth","viz"
10,66.177108,9.798009
20,66.264096,9.799338
30,66.258009,9.78529
40,66.043874,9.820908
50,66.130082,9.837526
60,66.313714,9.875577
70,66.170249,9.952924
80,66.229942,9.825131
90,66.252248,9.78817
100,66.272087,9.863766
110,66.101541,10.069339
120,66.340424,9.744127
130,66.51877,10.135651
140,68.914741,9.673223
150,66.846218,9.568339
160,66.500806,9.625833
170,66.424903,9.551041
180,66.563681,9.675273
190,66.439782,9.759182
200,66.48926,9.575978
210,66.581619,9.532114
220,66.378631,9.660747
230,66.573145,9.645269
240,67.501797,9.576148
250,67.591685,9.704756
260,67.725134,9.492525
270,67.496203,10.425131
280,67.622026,9.514715
290,68.282164,9.578433
300,68.29148,9.580921
310,68.760372,9.624654
320,68.765394,9.625491
330,69.440588,9.734172
340,68.349774,9.635211
350,69.068435,9.688723
360,69.20987,9.565263
370,68.723588,9.520697
380,69.532649,9.546239
390,70.075936,9.63454
400,69.429903,9.627692
410,70.569054,10.187041
420,71.723744,9.507048
430,69.495796,9.589436
440,70.976631,10.075684
450,71.999694,9.703609
460,72.087241,8.745124
470,76.594213,10.604455
480,81.45469,10.089013
490,77.034229,9.962825
500,77.86543,10.397136
<<<< 
>>>>  amr_in-situ-unopt/pipe-6-02048/extracted_timings-e630846.csv 
%  ./pipe-6-02048   ./pipe-6-02048/extracted_timings-e630846.csv 
%
% Summary Statistics:
% operation,  mean,  min,  max, std
% -------------------------------------------------------------------
% CTH_TIMINGS       ,  38.00536926 ,  35.84692 ,  48.659889 ,  2.70588223638977 
% PVSPY_VIZ_TIMINGS ,  8.87815774 ,  7.840212 ,  10.171345 ,  0.291975951862115 
% -------------------------------------------------------------------
"cycle","cth","viz"
10,35.857761,9.042932
20,35.84692,8.855057
30,36.129247,9.021759
40,35.987909,8.889392
50,36.101855,9.012493
60,36.205852,8.898748
70,36.214844,9.077389
80,36.159857,9.057841
90,36.353831,8.896108
100,36.283273,8.945097
110,36.223406,9.00977
120,36.364429,9.007358
130,36.285397,9.116913
140,37.844879,8.62751
150,36.296257,9.113065
160,35.855629,8.613027
170,35.937111,9.003297
180,36.000991,8.7168
190,35.873072,8.974414
200,35.934809,8.918729
210,36.0505,8.627904
220,36.052407,8.807659
230,36.225827,8.811398
240,36.968478,8.627064
250,36.985745,8.885043
260,37.117022,8.644247
270,37.078058,8.633642
280,37.147738,8.827618
290,37.587152,8.801658
300,38.116118,8.793843
310,38.046537,8.830793
320,37.986293,8.579797
330,38.785612,8.88599
340,38.636893,8.950903
350,38.998904,8.807872
360,39.001098,8.718497
370,38.878588,8.771442
380,39.339627,8.667958
390,39.597822,8.909107
400,39.145304,8.679597
410,39.692641,8.930265
420,39.188864,8.838311
430,38.797923,8.739122
440,39.414772,8.662064
450,39.371246,8.98401
460,39.454025,7.840212
470,43.018964,9.311949
480,48.659889,9.236669
490,45.477153,10.171345
500,45.689934,9.134209
<<<< 
>>>>  amr_in-situ-unopt/pipe-6-04096/extracted_timings-e630847.csv 
%  ./pipe-6-04096   ./pipe-6-04096/extracted_timings-e630847.csv 
%
% Summary Statistics:
% operation,  mean,  min,  max, std
% -------------------------------------------------------------------
% CTH_TIMINGS       ,  22.19277476 ,  20.389768 ,  24.844556 ,  0.820169515006317 
% PVSPY_VIZ_TIMINGS ,  8.79447372 ,  7.256691 ,  9.437253 ,  0.538382956004065 
% -------------------------------------------------------------------
"cycle","cth","viz"
10,21.343327,8.751541
20,21.801821,8.881757
30,22.532359,8.808208
40,21.681527,9.222575
50,21.436526,8.947185
60,21.904621,8.759713
70,21.903725,8.924318
80,22.011775,9.402964
90,21.919801,9.112014
100,22.508681,8.920949
110,22.178956,8.658887
120,23.284993,9.306095
130,22.633109,9.365067
140,22.104786,9.275931
150,24.051708,9.277698
160,21.78851,8.608735
170,22.096464,8.661702
180,21.569156,8.658597
190,22.211474,8.614134
200,22.322096,9.353558
210,20.389768,8.614847
220,23.087982,8.610662
230,22.285316,8.7988
240,22.319545,8.696869
250,21.55573,8.410869
260,21.160361,9.005943
270,21.490665,8.596565
280,21.164443,8.664092
290,21.419939,8.652252
300,21.587474,8.783839
310,22.094529,8.822467
320,22.093598,9.292578
330,21.787567,9.035864
340,21.529453,9.224655
350,21.688054,8.925582
360,21.969241,9.437253
370,22.147228,9.038835
380,21.9671,9.385853
390,22.407734,9.246712
400,21.94184,9.27964
410,24.844556,8.931891
420,23.813392,8.735302
430,23.180341,9.280768
440,24.112637,8.685952
450,22.485153,8.968143
460,22.113654,7.256691
470,23.325661,7.529353
480,22.693286,7.608068
490,21.842762,7.410262
500,21.854314,7.281451
<<<< 
>>>>  amr_in-situ-unopt/pipe-6-08192/extracted_timings-e630848.csv 
%  ./pipe-6-08192   ./pipe-6-08192/extracted_timings-e630848.csv 
%
% Summary Statistics:
% operation,  mean,  min,  max, std
% -------------------------------------------------------------------
% CTH_TIMINGS       ,  12.6665105 ,  11.737466 ,  17.818506 ,  1.43249388415218 
% PVSPY_VIZ_TIMINGS ,  8.58447498 ,  7.820157 ,  9.44316 ,  0.359620418580452 
% -------------------------------------------------------------------
"cycle","cth","viz"
10,11.737466,8.881133
20,11.877293,9.214676
30,11.987869,8.708807
40,12.382893,8.752674
50,12.109699,8.402724
60,12.178439,8.665723
70,12.038241,8.598752
80,12.062856,9.140572
90,12.120534,8.658231
100,12.06609,8.603881
110,12.335479,8.813029
120,12.119295,8.474083
130,12.058548,9.298646
140,12.993947,8.558474
150,11.994256,8.210444
160,11.776263,8.316994
170,11.773367,8.269675
180,11.924804,8.421131
190,11.818884,8.539719
200,11.843612,8.323372
210,11.900394,9.059004
220,12.295236,8.663896
230,11.875383,8.300657
240,12.266813,9.035587
250,12.087854,8.336962
260,12.112688,8.511541
270,12.103834,8.224811
280,12.121326,8.400861
290,12.536221,8.369884
300,12.317043,8.874862
310,12.335624,8.249704
320,12.154046,8.826699
330,12.755141,8.310659
340,12.164671,8.640428
350,12.404953,9.44316
360,12.544271,8.737235
370,12.304909,8.844552
380,12.527086,8.320937
390,12.786342,8.524715
400,12.748202,8.71787
410,12.786556,8.491588
420,12.489518,8.470917
430,12.292733,8.585303
440,12.639305,8.679578
450,12.762732,9.169645
460,13.607025,8.985859
470,17.818506,7.927399
480,17.685046,7.820157
490,16.676137,7.959978
500,17.026095,7.886561
<<<< 
>>>>  amr_in-situ-unopt/pipe-7-08192/extracted_timings-e630828.csv 
%  ./pipe-7-08192   ./pipe-7-08192/extracted_timings-e630828.csv 
%
% Summary Statistics:
% operation,  mean,  min,  max, std
% -------------------------------------------------------------------
% CTH_TIMINGS       ,  67.65100158 ,  63.790051 ,  79.95911 ,  4.65747537885118 
% PVSPY_VIZ_TIMINGS ,  61.91302362 ,  51.366724 ,  74.336572 ,  3.19251577048393 
% -------------------------------------------------------------------
"cycle","cth","viz"
10,63.790051,74.336572
20,64.003279,66.817881
30,65.051023,61.305636
40,64.425242,59.057031
50,64.78774,51.366724
60,65.478115,60.350582
70,64.727229,58.871664
80,64.748744,63.436184
90,64.771138,62.946656
100,64.793972,62.649725
110,65.040233,62.878556
120,64.959517,60.511073
130,64.566334,60.562582
140,65.364347,64.972632
150,64.795659,63.011626
160,64.584965,60.710918
170,67.147825,62.628198
180,65.805552,59.768644
190,64.306499,59.380617
200,64.337523,61.825725
210,64.401749,60.516563
220,65.953343,63.130203
230,66.414915,60.436724
240,64.229229,61.956825
250,64.104143,59.841299
260,64.706053,63.274287
270,64.473525,58.955628
280,64.553108,61.578102
290,64.618156,61.645526
300,64.686451,61.411567
310,64.72624,62.049857
320,64.803255,63.082027
330,65.029159,60.644921
340,65.062423,60.90601
350,65.008773,61.393983
360,68.391258,62.524042
370,67.274662,62.281453
380,72.119257,64.923246
390,73.732586,65.19247
400,75.060111,54.943928
410,77.641819,64.130931
420,75.831252,63.839677
430,72.572406,65.60924
440,75.205187,65.289464
450,79.95911,63.752734
460,75.220151,56.869704
470,74.36012,62.06594
480,75.728534,62.519982
490,74.477015,62.139429
500,74.721102,61.356193
<<<< 
>>>>  amr_in-situ-unopt/pipe-7-16384/extracted_timings-e630830.csv 
%  ./pipe-7-16384   ./pipe-7-16384/extracted_timings-e630830.csv 
%
% Summary Statistics:
% operation,  mean,  min,  max, std
% -------------------------------------------------------------------
% CTH_TIMINGS       ,  40.23995594 ,  36.815846 ,  47.636549 ,  3.06765768328479 
% PVSPY_VIZ_TIMINGS ,  64.18834504 ,  59.79429 ,  70.890164 ,  2.51230052459293 
% -------------------------------------------------------------------
"cycle","cth","viz"
10,36.815846,63.472888
20,39.929601,64.934415
30,40.899094,68.353395
40,41.429581,66.744795
50,40.984129,59.79429
60,44.505052,67.933109
70,38.626308,66.058561
80,38.364527,63.972516
90,38.669895,63.77228
100,39.027511,65.251898
110,38.320606,61.955566
120,38.572943,63.221937
130,38.425986,64.085089
140,38.23633,63.465787
150,38.101936,63.516249
160,37.843351,63.155071
170,41.705023,62.605305
180,38.678619,61.917658
190,37.539308,62.209348
200,37.210587,62.149315
210,37.470447,62.84403
220,38.959794,62.544382
230,39.198035,62.479185
240,37.571759,62.005644
250,38.706422,62.881658
260,39.980059,63.608672
270,37.444133,62.221771
280,37.386509,64.473821
290,37.503861,60.591089
300,37.467069,64.20845
310,37.431185,64.368681
320,37.600873,61.632079
330,37.871679,60.070188
340,37.482159,61.93059
350,37.734535,61.420865
360,37.516243,61.437344
370,40.09049,66.119468
380,43.505759,66.580779
390,44.1509,68.436523
400,43.725937,62.270225
410,45.760586,68.880464
420,42.945888,66.412943
430,42.411173,68.529652
440,44.48181,70.890164
450,47.636549,64.983972
460,45.860141,65.856643
470,44.300316,63.289146
480,44.24236,67.077708
490,46.370266,67.662756
500,45.304627,65.138888
<<<< 
>>>>  amr_in-situ-unopt/pipe-7-32768/extracted_timings-e630832.csv 
%  ./pipe-7-32768   ./pipe-7-32768/extracted_timings-e630832.csv 
%
% Summary Statistics:
% operation,  mean,  min,  max, std
% -------------------------------------------------------------------
% CTH_TIMINGS       ,  23.49687502 ,  21.7865 ,  29.305681 ,  1.92783054200672 
% PVSPY_VIZ_TIMINGS ,  68.56031362 ,  53.443194 ,  76.552509 ,  4.2976359811987 
% -------------------------------------------------------------------
"cycle","cth","viz"
10,21.7865,73.018214
20,22.848139,69.794212
30,23.776704,69.249089
40,23.502346,69.609032
50,23.550765,53.443194
60,23.508134,67.799764
70,23.041333,69.953932
80,23.187624,68.189131
90,23.510569,73.115863
100,22.758242,67.021315
110,22.6485,66.407325
120,22.672589,67.228923
130,22.700894,70.384133
140,23.801777,74.335843
150,22.870328,69.594543
160,22.591772,68.61645
170,24.173423,70.13225
180,23.70873,66.088081
190,21.992144,70.500865
200,21.962924,66.576377
210,22.181026,65.644228
220,23.036572,65.724787
230,23.387943,68.503844
240,22.34805,66.325532
250,22.062453,67.693295
260,21.929223,70.24235
270,21.868168,67.041518
280,22.118384,66.215374
290,21.987326,71.112903
300,22.080695,68.145081
310,21.910514,69.209167
320,21.977857,69.070087
330,22.524435,69.172548
340,21.821225,66.693106
350,21.958883,66.574718
360,22.128365,67.28187
370,22.21986,65.570371
380,23.012574,67.692117
390,22.268833,56.413879
400,22.85127,56.345406
410,27.599528,75.860067
420,27.865241,70.484915
430,24.927949,70.936661
440,25.779029,76.552509
450,29.305681,74.611176
460,28.691747,71.096985
470,25.071474,70.736921
480,25.043803,71.387681
490,27.753302,72.910194
500,26.538904,71.707855
<<<< 
>>>>  amr_in-situ-unopt/failed/pipe-7-04096/extracted_timings-e630826.csv 
%  ./failed/pipe-7-04096   ./failed/pipe-7-04096/extracted_timings-e630826.csv 
%
% Summary Statistics:
% operation,  mean,  min,  max, std
% -------------------------------------------------------------------
% CTH_TIMINGS       ,  118.4365536 ,  116.652465 ,  130.34169 ,  2.73630419938359 
% PVSPY_VIZ_TIMINGS ,  57.80399932 ,  0.005036 ,  64.494982 ,  12.3137385110811 
% -------------------------------------------------------------------
"cycle","cth","viz"
10,117.551771,59.957233
20,130.34169,60.741085
30,117.76672,60.198404
40,116.652465,61.820361
50,117.400482,50.150155
60,118.445054,61.905477
70,117.151871,61.616839
80,117.524756,59.879684
90,118.032765,58.608963
100,117.772638,60.638467
110,117.688193,62.986848
120,117.98773,59.351978
130,117.770151,61.470171
140,118.355937,58.359594
150,117.456252,59.7153
160,117.417015,59.31877
170,121.52706,59.776189
180,119.479649,58.600993
190,116.918124,58.87128
200,116.909406,60.62194
210,117.123652,61.904038
220,119.345492,64.494982
230,120.399594,62.207064
240,117.12698,61.899132
250,116.768393,0.005036
<<<< 
